0,0,5
0,1,3
0,2,5
0,4,7
0,6,8
0,7,5
0,8,5
0,9,2
0,10,3
0,11,8
0,12,9
0,13,2
0,14,7
0,15,5
0,17,4
0,18,9
0,19,9
0,20,5
0,21,1
0,22,1
0,23,5
0,24,1
0,25,5
0,26,5
0,27,3
0,28,1
0,29,9
0,30,7
0,31,7
0,32,8
0,33,3
0,34,1
0,35,6
0,36,3
0,38,7
0,39,9
0,40,4
0,41,8
0,42,3
0,43,5
0,44,7
0,45,1
0,46,5
0,47,9
0,48,7
0,49,6
0,50,9
0,51,1
0,52,7
0,53,8
0,54,1
0,55,9
0,57,3
0,58,5
0,59,6
0,60,8
0,61,2
0,62,9
0,64,3
0,65,8
0,66,6
0,68,8
0,69,2
0,71,4
0,72,7
0,73,4
0,74,6
0,75,4
0,76,5
0,77,8
0,78,5
0,80,8
0,81,1
0,82,2
0,83,1
0,84,6
0,85,2
0,86,6
0,87,4
0,88,4
0,89,7
0,90,1
0,91,2
0,92,2
0,93,2
0,94,8
0,95,1
0,96,5
0,98,5
0,99,9
1,0,5
1,1,1
1,2,5
1,3,9
1,4,1
1,5,1
1,6,5
1,7,1
1,8,5
1,9,9
1,10,9
1,11,6
1,12,8
1,13,6
1,14,2
1,15,2
1,16,8
1,17,7
1,18,8
1,19,6
1,20,4
1,21,5
1,22,7
1,23,7
1,24,5
1,25,1
1,27,2
1,29,4
1,30,2
1,31,1
1,32,6
1,33,7
1,34,5
1,35,4
1,36,4
1,37,3
1,38,4
1,39,4
1,40,5
1,41,7
1,42,1
1,43,9
1,44,9
1,45,8
1,46,3
1,47,4
1,49,9
1,50,1
1,53,7
1,54,4
1,55,8
1,56,5
1,57,7
1,58,9
1,59,6
1,61,6
1,62,6
1,63,4
1,64,8
1,65,1
1,66,6
1,67,5
1,68,6
1,69,6
1,70,4
1,72,2
1,73,8
1,74,9
1,75,4
1,77,4
1,78,7
1,79,1
1,80,3
1,82,6
1,83,1
1,84,6
1,85,5
1,86,5
1,87,8
1,88,9
1,89,5
1,90,6
1,92,7
1,93,8
1,94,2
1,95,2
1,96,7
1,98,2
1,99,6
2,0,7
2,1,4
2,2,4
2,3,5
2,4,3
2,5,1
2,6,9
2,7,8
2,8,2
2,9,2
2,10,7
2,11,8
2,12,2
2,14,2
2,15,2
2,16,1
2,17,6
2,18,5
2,19,7
2,20,7
2,21,3
2,22,8
2,23,1
2,24,8
2,25,1
2,26,2
2,27,4
2,28,4
2,29,1
2,31,1
2,32,8
2,33,5
2,34,7
2,35,7
2,36,4
2,37,7
2,38,2
2,39,6
2,40,1
2,41,9
2,42,4
2,43,7
2,44,6
2,46,7
2,47,6
2,48,2
2,49,6
2,50,9
2,52,4
2,53,1
2,54,3
2,55,4
2,56,2
2,57,7
2,58,1
2,59,7
2,60,3
2,61,5
2,62,4
2,63,4
2,64,2
2,65,4
2,67,5
2,68,5
2,69,6
2,70,3
2,71,2
2,72,2
2,73,8
2,74,4
2,75,4
2,76,2
2,77,9
2,78,5
2,79,8
2,80,5
2,81,6
2,82,5
2,83,5
2,84,2
2,85,5
2,86,5
2,87,5
2,88,9
2,89,6
2,90,5
2,91,1
2,92,5
2,93,5
2,94,7
2,95,5
2,96,5
2,98,4
2,99,8
3,0,3
3,2,5
3,3,2
3,4,8
3,5,5
3,6,4
3,7,5
3,8,1
3,9,4
3,10,3
3,11,1
3,12,7
3,13,5
3,14,8
3,15,5
3,16,3
3,17,8
3,18,4
3,19,3
3,21,1
3,22,4
3,23,6
3,24,8
3,25,9
3,26,3
3,27,5
3,28,6
3,29,8
3,30,9
3,31,9
3,32,6
3,33,6
3,34,4
3,35,4
3,36,2
3,37,4
3,38,9
3,39,1
3,40,9
3,41,3
3,42,9
3,43,2
3,44,7
3,45,6
3,46,5
3,47,8
3,48,8
3,49,2
3,50,9
3,51,6
3,53,6
3,55,3
3,56,5
3,57,5
3,58,9
3,59,5
3,60,4
3,61,8
3,62,2
3,63,4
3,64,4
3,65,6
3,66,8
3,67,5
3,68,7
3,69,5
3,71,1
3,72,2
3,73,3
3,74,6
3,76,6
3,78,6
3,79,3
3,80,5
3,81,4
3,82,4
3,83,5
3,84,9
3,85,3
3,86,1
3,88,7
3,89,4
3,90,3
3,91,5
3,92,2
3,93,5
3,94,1
3,95,8
3,96,6
3,97,8
3,98,9
3,99,6
4,0,6
4,1,7
4,3,7
4,4,4
4,6,4
4,7,6
4,8,8
4,9,4
4,10,4
4,11,9
4,12,9
4,14,3
4,15,1
4,16,2
4,17,4
4,18,7
4,19,5
4,20,7
4,21,4
4,22,2
4,23,1
4,24,9
4,26,7
4,28,7
4,29,1
4,30,5
4,31,5
4,32,7
4,33,7
4,34,2
4,35,2
4,36,4
4,37,7
4,38,1
4,39,6
4,40,9
4,41,5
4,42,6
4,43,4
4,44,1
4,45,6
4,46,8
4,47,1
4,48,3
4,49,5
4,50,4
4,51,5
4,52,5
4,53,9
4,54,9
4,55,5
4,56,6
4,57,3
4,58,6
4,59,6
4,60,4
4,61,4
4,62,7
4,64,7
4,66,3
4,67,1
4,68,4
4,69,8
4,70,4
4,71,8
4,72,8
4,73,9
4,74,9
4,75,3
4,77,5
4,79,7
4,80,3
4,81,2
4,82,5
4,83,2
4,84,9
4,85,5
4,86,4
4,87,2
4,88,1
4,89,6
4,90,1
4,91,7
4,92,3
4,93,7
4,94,9
4,95,8
4,96,1
4,97,7
4,98,3
4,99,7
5,1,8
5,2,8
5,3,7
5,4,6
5,5,5
5,8,8
5,9,7
5,10,3
5,11,1
5,12,8
5,13,5
5,15,5
5,16,4
5,17,5
5,18,9
5,19,6
5,20,7
5,21,2
5,22,6
5,23,2
5,24,7
5,27,4
5,28,2
5,29,1
5,30,8
5,31,7
5,32,6
5,33,4
5,34,4
5,35,3
5,36,9
5,37,5
5,38,7
5,39,8
5,40,7
5,41,2
5,42,5
5,44,4
5,45,8
5,46,5
5,47,5
5,48,2
5,49,2
5,50,3
5,53,4
5,54,2
5,55,4
5,56,8
5,57,1
5,58,9
5,60,1
5,62,4
5,63,7
5,64,4
5,65,8
5,66,7
5,68,8
5,69,3
5,70,2
5,71,4
5,72,3
5,73,7
5,74,9
5,75,8
5,76,9
5,77,7
5,78,9
5,80,2
5,82,8
5,83,9
5,84,5
5,86,7
5,87,1
5,88,5
5,89,6
5,90,6
5,91,3
5,92,9
5,93,1
5,94,8
5,95,8
5,96,4
5,97,4
5,98,3
5,99,8
6,0,2
6,1,2
6,2,6
6,3,9
6,4,5
6,5,4
6,6,5
6,7,8
6,8,4
6,9,5
6,10,6
6,11,2
6,12,1
6,13,8
6,14,6
6,15,2
6,16,9
6,17,5
6,18,7
6,19,1
6,20,6
6,21,3
6,22,9
6,23,5
6,24,5
6,25,4
6,26,8
6,27,4
6,28,8
6,30,5
6,31,3
6,32,5
6,33,7
6,35,5
6,36,2
6,38,7
6,39,4
6,40,5
6,41,4
6,42,4
6,43,4
6,44,4
6,45,5
6,46,1
6,47,2
6,48,3
6,49,7
6,50,8
6,51,5
6,52,2
6,53,7
6,54,6
6,55,9
6,56,4
6,57,2
6,58,9
6,59,1
6,60,7
6,61,5
6,62,3
6,63,2
6,64,4
6,65,4
6,67,2
6,68,5
6,69,9
6,70,4
6,71,6
6,72,2
6,73,8
6,74,4
6,75,9
6,76,3
6,77,2
6,78,6
6,79,1
6,80,4
6,81,9
6,82,1
6,83,2
6,84,5
6,85,4
6,86,6
6,87,6
6,88,8
6,89,8
6,90,3
6,91,3
6,92,8
6,93,1
6,94,9
6,95,3
6,96,4
6,97,9
6,98,7
6,99,8
7,0,4
7,1,1
7,3,8
7,4,9
7,5,6
7,6,7
7,7,8
7,8,1
7,9,3
7,10,8
7,11,5
7,12,7
7,13,8
7,14,3
7,15,6
7,16,9
7,17,7
7,18,2
7,19,2
7,20,6
7,21,6
7,22,4
7,23,6
7,24,9
7,25,8
7,26,2
7,27,4
7,28,6
7,29,5
7,31,2
7,32,6
7,33,2
7,34,5
7,35,7
7,36,6
7,37,2
7,38,9
7,39,6
7,40,9
7,41,5
7,42,5
7,44,3
7,45,1
7,47,4
7,48,1
7,49,8
7,51,8
7,52,7
7,53,1
7,54,7
7,55,9
7,56,6
7,57,1
7,58,4
7,59,8
7,60,5
7,61,2
7,62,3
7,63,5
7,64,5
7,65,3
7,66,2
7,67,4
7,68,8
7,69,5
7,71,8
7,73,9
7,74,9
7,75,3
7,76,1
7,77,5
7,79,7
7,80,3
7,81,9
7,83,4
7,84,9
7,85,5
7,86,8
7,87,4
7,88,3
7,89,8
7,90,4
7,91,4
7,92,4
7,93,6
7,94,8
7,95,8
7,96,1
7,99,6
8,0,5
8,1,7
8,2,7
8,3,6
8,4,4
8,5,2
8,6,1
8,7,4
8,8,3
8,9,6
8,10,7
8,12,9
8,14,7
8,15,2
8,16,9
8,17,9
8,18,5
8,19,7
8,20,3
8,21,8
8,22,3
8,23,9
8,24,9
8,25,3
8,26,9
8,27,3
8,28,2
8,29,1
8,30,6
8,31,8
8,32,1
8,33,5
8,34,4
8,35,5
8,36,4
8,37,4
8,38,8
8,39,7
8,40,3
8,41,1
8,42,4
8,43,8
8,44,4
8,45,8
8,46,6
8,47,8
8,48,1
8,49,5
8,50,2
8,51,9
8,53,7
8,54,8
8,57,9
8,58,3
8,59,6
8,60,3
8,61,5
8,62,6
8,63,2
8,64,5
8,65,8
8,66,5
8,67,7
8,68,7
8,70,7
8,71,6
8,72,6
8,73,8
8,74,2
8,75,3
8,76,9
8,78,7
8,79,6
8,80,5
8,81,7
8,82,8
8,83,7
8,84,4
8,85,3
8,86,1
8,87,7
8,88,8
8,89,3
8,90,9
8,92,4
8,93,6
8,94,9
8,95,3
8,96,2
8,97,2
8,99,4
9,0,5
9,1,1
9,2,7
9,3,1
9,4,2
9,5,2
9,6,4
9,7,4
9,8,8
9,9,7
9,10,9
9,11,8
9,12,9
9,13,8
9,14,4
9,15,2
9,16,8
9,17,6
9,18,2
9,19,8
9,20,2
9,21,3
9,22,9
9,23,1
9,24,7
9,25,7
9,26,5
9,27,9
9,28,2
9,29,7
9,30,9
9,33,7
9,34,4
9,35,4
9,36,4
9,38,8
9,40,4
9,42,7
9,43,1
9,44,2
9,45,7
9,46,9
9,47,4
9,48,4
9,49,8
9,50,7
9,51,4
9,52,6
9,53,1
9,54,7
9,55,2
9,56,6
9,57,5
9,58,6
9,59,4
9,60,4
9,61,3
9,62,6
9,63,4
9,64,3
9,65,7
9,66,5
9,67,3
9,68,3
9,69,6
9,70,2
9,71,5
9,72,7
9,73,4
9,74,3
9,75,1
9,77,9
9,78,7
9,79,9
9,80,1
9,81,2
9,82,9
9,83,5
9,84,9
9,85,5
9,87,8
9,88,5
9,90,1
9,91,7
9,92,6
9,93,9
9,94,1
9,95,1
9,96,6
9,97,1
9,98,6
9,99,7
10,0,9
10,1,6
10,2,7
10,3,5
10,4,6
10,5,3
10,6,5
10,7,6
10,8,5
10,9,6
10,10,4
10,11,4
10,12,1
10,13,5
10,14,8
10,15,7
10,17,8
10,18,8
10,19,8
10,20,4
10,21,6
10,23,9
10,24,9
10,25,6
10,26,6
10,27,7
10,29,9
10,31,6
10,32,2
10,33,6
10,34,1
10,36,6
10,37,7
10,38,9
10,39,8
10,40,4
10,42,2
10,43,5
10,44,8
10,46,5
10,47,2
10,49,2
10,50,2
10,51,4
10,52,5
10,53,4
10,54,6
10,56,8
10,57,8
10,59,3
10,61,1
10,62,2
10,63,8
10,65,5
10,66,8
10,67,1
10,68,1
10,69,8
10,70,4
10,71,2
10,72,6
10,73,7
10,74,9
10,75,4
10,76,9
10,77,1
10,78,6
10,79,6
10,80,5
10,81,6
10,82,4
10,83,9
10,84,3
10,85,2
10,86,2
10,87,6
10,88,5
10,89,8
10,90,5
10,91,1
10,92,6
10,94,1
10,95,9
10,96,8
10,97,5
10,98,1
10,99,5
11,0,9
11,1,6
11,3,5
11,4,9
11,5,5
11,6,9
11,7,6
11,9,5
11,10,1
11,11,3
11,12,7
11,13,9
11,14,4
11,15,1
11,17,6
11,18,9
11,19,3
11,20,5
11,22,6
11,24,5
11,25,2
11,26,6
11,27,5
11,29,4
11,31,4
11,32,5
11,33,4
11,35,2
11,36,9
11,37,8
11,38,4
11,39,3
11,40,8
11,41,8
11,42,2
11,43,6
11,44,7
11,45,4
11,46,4
11,47,4
11,48,7
11,49,6
11,50,8
11,51,5
11,52,4
11,53,6
11,54,9
11,55,8
11,57,9
11,58,2
11,60,2
11,61,5
11,62,2
11,63,5
11,64,1
11,65,7
11,66,2
11,67,5
11,68,9
11,69,2
11,70,5
11,71,2
11,72,1
11,73,7
11,74,7
11,75,6
11,76,4
11,77,2
11,78,3
11,79,3
11,81,7
11,82,3
11,83,9
11,84,4
11,85,4
11,87,3
11,88,5
11,89,3
11,90,5
11,92,3
11,93,2
11,94,5
11,95,6
11,96,3
11,97,4
11,98,7
11,99,7
12,0,4
12,1,5
12,2,5
12,3,6
12,4,7
12,6,6
12,7,4
12,8,9
12,9,2
12,10,8
12,11,3
12,12,5
12,13,2
12,14,5
12,15,4
12,17,9
12,18,2
12,19,1
12,20,8
12,21,1
12,22,2
12,23,5
12,24,9
12,25,1
12,26,8
12,27,8
12,28,2
12,30,3
12,31,1
12,33,4
12,35,6
12,36,4
12,37,1
12,39,1
12,40,3
12,42,5
12,44,1
12,45,6
12,47,9
12,48,1
12,49,5
12,50,1
12,51,6
12,52,1
12,53,5
12,54,8
12,55,2
12,56,5
12,57,3
12,58,8
12,60,9
12,61,9
12,62,8
12,63,1
12,64,6
12,65,5
12,66,9
12,70,7
12,71,9
12,72,6
12,73,5
12,74,8
12,76,8
12,77,5
12,78,3
12,79,5
12,82,3
12,83,4
12,84,6
12,85,7
12,86,2
12,87,7
12,88,6
12,89,3
12,90,2
12,92,9
12,93,3
12,94,4
12,95,2
12,96,2
12,98,6
12,99,4
13,0,2
13,2,8
13,3,8
13,4,8
13,5,2
13,6,7
13,7,1
13,8,6
13,9,2
13,10,8
13,12,6
13,13,5
13,14,9
13,15,2
13,16,7
13,17,7
13,19,9
13,20,6
13,21,9
13,22,4
13,23,4
13,24,5
13,25,3
13,27,5
13,28,5
13,29,5
13,30,5
13,31,6
13,32,2
13,33,7
13,34,5
13,35,1
13,36,1
13,37,8
13,38,9
13,39,2
13,40,8
13,41,3
13,42,6
13,43,6
13,45,2
13,46,2
13,47,3
13,48,4
13,49,9
13,50,5
13,51,6
13,52,1
13,53,7
13,54,9
13,55,9
13,56,9
13,57,6
13,58,8
13,59,9
13,60,9
13,61,9
13,62,9
13,63,2
13,64,4
13,65,6
13,66,2
13,67,6
13,68,7
13,69,7
13,70,6
13,71,5
13,72,5
13,73,1
13,75,8
13,76,3
13,77,4
13,78,3
13,79,1
13,80,6
13,81,6
13,82,2
13,83,3
13,84,7
13,85,2
13,86,7
13,87,7
13,88,6
13,89,3
13,90,5
13,91,4
13,92,3
13,93,9
13,94,9
13,95,7
13,96,4
13,97,9
13,98,6
13,99,1
14,0,2
14,1,8
14,2,7
14,3,6
14,4,3
14,5,5
14,7,6
14,8,4
14,9,5
14,10,1
14,11,5
14,12,5
14,14,4
14,15,4
14,16,2
14,17,5
14,18,9
14,19,3
14,20,2
14,21,4
14,22,8
14,23,6
14,24,9
14,25,2
14,26,1
14,27,3
14,28,4
14,29,1
14,30,4
14,31,8
14,32,6
14,33,8
14,34,4
14,35,3
14,36,4
14,37,6
14,38,7
14,39,5
14,40,7
14,41,6
14,42,7
14,43,6
14,44,2
14,45,7
14,46,8
14,47,6
14,48,7
14,49,7
14,50,7
14,51,9
14,52,3
14,53,1
14,54,1
14,55,2
14,56,4
14,58,6
14,59,5
14,61,4
14,62,6
14,63,1
14,64,5
14,65,3
14,66,8
14,67,7
14,68,9
14,69,3
14,70,6
14,71,4
14,72,3
14,74,1
14,75,8
14,76,5
14,77,4
14,78,6
14,79,8
14,80,5
14,82,1
14,83,6
14,84,2
14,85,5
14,86,4
14,87,5
14,88,9
14,89,3
14,90,3
14,91,3
14,92,5
14,93,1
14,94,1
14,95,4
14,97,7
14,98,8
14,99,4
15,0,2
15,1,2
15,2,8
15,4,3
15,5,6
15,6,1
15,7,4
15,8,1
15,9,5
15,10,9
15,11,2
15,12,9
15,13,6
15,14,1
15,15,3
15,16,6
15,17,4
15,18,5
15,19,6
15,20,8
15,21,7
15,22,1
15,23,7
15,24,4
15,25,5
15,26,1
15,27,6
15,28,8
15,29,4
15,30,8
15,31,2
15,32,1
15,33,3
15,34,9
15,35,8
15,36,5
15,37,9
15,38,2
15,39,1
15,40,5
15,41,6
15,42,5
15,43,7
15,44,2
15,45,7
15,46,3
15,47,1
15,48,7
15,49,9
15,50,2
15,51,3
15,52,6
15,53,7
15,54,4
15,55,2
15,56,8
15,57,3
15,59,3
15,60,5
15,61,1
15,62,5
15,63,3
15,64,8
15,65,7
15,66,4
15,67,8
15,70,9
15,71,7
15,72,6
15,73,7
15,75,1
15,76,8
15,77,5
15,78,6
15,79,5
15,80,6
15,81,5
15,82,9
15,83,8
15,84,4
15,85,9
15,86,8
15,87,3
15,88,3
15,89,7
15,90,9
15,91,2
15,92,2
15,93,1
15,94,1
15,95,9
15,96,3
15,97,6
15,98,8
15,99,2
16,0,2
16,1,7
16,2,5
16,3,3
16,4,9
16,5,2
16,6,2
16,7,6
16,8,6
16,9,8
16,10,3
16,11,4
16,12,4
16,13,9
16,14,2
16,16,9
16,17,5
16,18,7
16,19,5
16,20,2
16,21,3
16,23,8
16,24,8
16,25,3
16,26,5
16,27,7
16,28,4
16,29,4
16,30,4
16,31,3
16,32,2
16,33,2
16,35,6
16,36,4
16,37,5
16,38,9
16,39,5
16,40,3
16,42,2
16,43,6
16,44,6
16,45,2
16,46,3
16,47,2
16,48,5
16,50,5
16,51,2
16,52,8
16,53,4
16,54,5
16,55,3
16,56,7
16,57,2
16,58,1
16,59,8
16,60,1
16,61,1
16,63,7
16,65,8
16,66,4
16,67,5
16,68,9
16,69,4
16,70,2
16,71,5
16,72,5
16,73,6
16,74,8
16,75,6
16,76,4
16,77,7
16,78,5
16,79,2
16,80,1
16,82,1
16,83,9
16,84,1
16,85,2
16,86,4
16,89,6
16,91,9
16,92,8
16,93,5
16,94,5
16,95,3
16,96,5
16,97,1
16,98,2
16,99,8
17,0,1
17,1,6
17,3,9
17,4,2
17,5,1
17,6,8
17,7,6
17,8,3
17,9,9
17,10,7
17,11,1
17,12,5
17,13,4
17,14,2
17,15,9
17,16,3
17,17,8
17,19,6
17,20,4
17,21,5
17,22,8
17,23,1
17,24,5
17,25,7
17,26,9
17,27,9
17,28,3
17,29,7
17,30,3
17,31,1
17,32,9
17,33,9
17,34,5
17,35,3
17,36,4
17,37,5
17,38,4
17,39,3
17,40,9
17,41,4
17,42,5
17,44,9
17,45,3
17,46,4
17,47,1
17,49,2
17,50,3
17,51,5
17,52,5
17,53,7
17,54,5
17,55,5
17,57,2
17,58,4
17,59,4
17,60,9
17,61,6
17,62,6
17,63,7
17,64,5
17,65,1
17,66,5
17,67,8
17,68,1
17,69,3
17,70,1
17,71,5
17,72,7
17,73,4
17,74,7
17,75,1
17,78,7
17,79,2
17,80,1
17,81,5
17,82,4
17,83,9
17,84,5
17,86,6
17,87,4
17,88,7
17,90,4
17,91,3
17,92,1
17,93,5
17,94,8
17,95,5
17,96,5
17,97,4
17,98,4
17,99,5
18,0,1
18,1,9
18,2,4
18,3,4
18,4,1
18,6,3
18,7,3
18,8,3
18,10,5
18,11,6
18,12,8
18,13,9
18,14,1
18,15,2
18,16,2
18,17,5
18,18,8
18,19,8
18,20,7
18,21,3
18,23,4
18,24,8
18,25,2
18,26,3
18,27,6
18,28,3
18,29,9
18,30,1
18,32,2
18,33,2
18,34,7
18,35,2
18,37,2
18,38,4
18,39,7
18,40,5
18,41,9
18,42,1
18,43,1
18,44,2
18,45,3
18,46,7
18,47,7
18,48,5
18,49,3
18,50,1
18,51,1
18,52,7
18,53,6
18,54,6
18,55,6
18,56,4
18,57,4
18,58,2
18,59,1
18,61,5
18,62,8
18,63,3
18,64,2
18,65,9
18,66,8
18,67,8
18,68,2
18,69,2
18,70,3
18,71,6
18,73,9
18,74,5
18,75,9
18,76,6
18,77,5
18,78,4
18,79,9
18,80,6
18,81,2
18,83,6
18,84,3
18,85,7
18,86,1
18,87,3
18,89,5
18,90,3
18,91,2
18,92,3
18,93,2
18,94,9
18,95,5
18,97,3
18,98,2
18,99,6
19,0,4
19,1,9
19,2,2
19,3,1
19,4,4
19,5,1
19,6,8
19,7,7
19,8,6
19,9,6
19,10,7
19,11,7
19,12,4
19,13,2
19,14,5
19,15,9
19,16,5
19,17,9
19,18,3
19,19,4
19,20,5
19,21,6
19,22,8
19,23,7
19,24,3
19,26,9
19,28,2
19,29,5
19,30,8
19,31,6
19,32,1
19,33,7
19,34,9
19,35,3
19,36,8
19,37,3
19,38,2
19,39,7
19,40,3
19,41,6
19,42,7
19,43,2
19,44,6
19,45,9
19,47,4
19,49,4
19,51,1
19,52,3
19,53,1
19,54,8
19,55,7
19,56,8
19,57,6
19,58,7
19,59,1
19,60,1
19,61,2
19,62,2
19,63,1
19,65,1
19,66,9
19,67,3
19,68,9
19,69,1
19,70,6
19,71,1
19,73,6
19,75,7
19,76,8
19,77,4
19,78,4
19,79,2
19,80,2
19,81,6
19,82,1
19,83,4
19,84,1
19,85,7
19,87,6
19,88,2
19,89,2
19,90,4
19,91,5
19,92,6
19,93,3
19,94,2
19,95,3
19,96,6
19,97,5
19,98,2
19,99,3
20,1,3
20,2,7
20,3,8
20,6,7
20,7,6
20,8,6
20,9,8
20,10,8
20,11,1
20,12,9
20,13,8
20,14,4
20,15,9
20,16,4
20,17,6
20,18,1
20,19,1
20,20,7
20,21,2
20,22,1
20,23,9
20,24,9
20,25,3
20,26,9
20,28,1
20,29,8
20,30,7
20,31,7
20,32,9
20,33,4
20,34,4
20,35,6
20,36,6
20,37,4
20,38,5
20,39,9
20,40,6
20,41,3
20,42,2
20,43,4
20,45,7
20,46,8
20,47,8
20,48,7
20,49,9
20,50,9
20,51,5
20,52,9
20,53,8
20,54,9
20,55,1
20,56,7
20,57,9
20,58,6
20,59,6
20,60,9
20,61,9
20,62,1
20,63,4
20,64,2
20,65,5
20,66,8
20,68,2
20,69,6
20,70,3
20,71,6
20,72,5
20,73,9
20,74,2
20,75,5
20,76,1
20,77,1
20,79,7
20,80,1
20,81,8
20,82,3
20,83,8
20,84,1
20,85,5
20,88,4
20,89,7
20,90,8
20,91,4
20,92,3
20,94,4
20,95,5
20,96,7
20,97,3
20,98,3
20,99,9
21,0,7
21,1,2
21,2,7
21,3,5
21,4,9
21,6,7
21,7,1
21,8,4
21,9,6
21,10,9
21,11,9
21,12,3
21,13,5
21,14,2
21,15,9
21,16,4
21,17,1
21,19,6
21,20,9
21,21,6
21,23,2
21,24,2
21,25,3
21,26,4
21,27,5
21,28,5
21,29,3
21,30,1
21,31,9
21,32,1
21,33,5
21,34,7
21,35,2
21,36,8
21,37,1
21,38,7
21,39,5
21,40,7
21,41,6
21,42,4
21,43,6
21,44,6
21,45,1
21,46,3
21,47,4
21,48,7
21,49,1
21,50,9
21,51,1
21,52,3
21,53,7
21,54,1
21,55,7
21,56,3
21,57,5
21,58,9
21,59,2
21,60,5
21,62,2
21,63,3
21,64,5
21,65,2
21,66,5
21,68,6
21,69,1
21,70,9
21,71,7
21,72,3
21,73,3
21,74,6
21,75,8
21,76,1
21,77,3
21,78,6
21,79,3
21,80,2
21,82,2
21,83,4
21,84,7
21,86,8
21,87,1
21,88,7
21,89,9
21,91,8
21,92,6
21,94,8
21,95,2
21,96,9
21,97,7
21,98,7
21,99,3
22,0,3
22,2,7
22,5,5
22,6,7
22,7,5
22,8,8
22,9,1
22,11,4
22,13,8
22,14,9
22,15,1
22,16,6
22,17,4
22,19,3
22,20,5
22,21,4
22,22,4
22,23,5
22,24,6
22,26,6
22,27,2
22,28,2
22,29,1
22,30,2
22,31,1
22,32,3
22,33,2
22,35,6
22,36,7
22,37,6
22,38,5
22,39,1
22,40,7
22,41,8
22,42,1
22,43,4
22,44,6
22,45,9
22,46,6
22,47,7
22,48,8
22,49,8
22,50,3
22,51,7
22,52,3
22,53,2
22,55,5
22,56,2
22,57,9
22,58,5
22,59,6
22,60,4
22,61,1
22,62,5
22,63,3
22,64,2
22,65,4
22,66,3
22,67,9
22,69,3
22,70,9
22,71,1
22,72,9
22,73,6
22,74,2
22,75,8
22,76,6
22,77,6
22,78,7
22,79,8
22,80,7
22,81,2
22,82,4
22,83,6
22,84,4
22,85,6
22,86,7
22,87,5
22,88,8
22,89,9
22,90,2
22,92,4
22,93,4
22,94,3
22,95,1
22,96,5
22,98,7
22,99,5
23,1,1
23,2,1
23,3,7
23,5,3
23,6,7
23,7,5
23,8,5
23,9,7
23,11,6
23,12,3
23,13,7
23,14,7
23,15,8
23,16,1
23,17,7
23,18,2
23,19,1
23,20,1
23,21,8
23,22,4
23,23,5
23,24,8
23,25,2
23,27,5
23,28,4
23,29,4
23,30,3
23,31,1
23,32,8
23,33,4
23,34,9
23,35,3
23,36,2
23,37,3
23,38,4
23,39,6
23,40,8
23,41,2
23,43,8
23,44,1
23,45,1
23,46,1
23,47,6
23,49,9
23,50,8
23,52,8
23,53,3
23,54,8
23,55,7
23,56,9
23,58,2
23,60,2
23,61,4
23,62,4
23,63,3
23,64,4
23,65,8
23,66,6
23,67,4
23,68,1
23,69,2
23,70,6
23,71,4
23,72,8
23,73,3
23,74,3
23,75,1
23,76,1
23,77,2
23,78,3
23,79,3
23,80,6
23,81,2
23,82,7
23,83,9
23,84,8
23,85,6
23,86,5
23,87,5
23,88,7
23,89,8
23,90,9
23,91,7
23,92,2
23,93,1
23,94,2
23,95,6
23,96,6
23,97,7
23,98,9
24,1,8
24,2,3
24,3,7
24,4,5
24,5,9
24,6,8
24,7,7
24,8,7
24,9,8
24,10,8
24,11,5
24,12,6
24,13,3
24,14,9
24,15,8
24,16,8
24,18,1
24,19,7
24,20,1
24,21,3
24,22,7
24,23,6
24,24,4
24,25,5
24,26,1
24,27,4
24,29,4
24,30,6
24,31,5
24,32,7
24,33,5
24,35,9
24,36,8
24,37,5
24,38,5
24,39,1
24,40,9
24,41,9
24,42,2
24,43,3
24,45,2
24,46,1
24,47,5
24,48,7
24,49,2
24,50,9
24,51,7
24,52,8
24,54,9
24,55,8
24,57,3
24,58,4
24,60,3
24,63,5
24,64,5
24,65,5
24,66,4
24,67,5
24,68,5
24,69,3
24,70,9
24,71,4
24,72,8
24,73,4
24,74,9
24,75,9
24,76,3
24,77,6
24,78,2
24,79,1
24,80,8
24,81,9
24,83,2
24,84,8
24,85,5
24,86,9
24,87,6
24,88,3
24,89,8
24,90,4
24,91,2
24,92,7
24,93,6
24,94,9
24,95,5
24,96,3
24,97,6
24,98,5
24,99,6
25,0,9
25,1,3
25,2,2
25,3,5
25,4,3
25,6,9
25,7,5
25,8,3
25,9,4
25,10,5
25,11,2
25,12,7
25,13,6
25,14,9
25,15,1
25,17,1
25,18,1
25,20,4
25,22,1
25,23,8
25,24,4
25,26,8
25,27,4
25,28,8
25,29,5
25,30,4
25,31,5
25,32,6
25,33,1
25,34,5
25,35,9
25,36,2
25,37,5
25,38,3
25,39,9
25,40,9
25,41,2
25,42,9
25,44,6
25,45,8
25,46,8
25,47,8
25,48,7
25,49,2
25,50,4
25,51,2
25,52,9
25,53,8
25,54,8
25,55,9
25,56,1
25,58,2
25,59,2
25,60,5
25,61,7
25,62,9
25,63,8
25,64,2
25,65,4
25,66,1
25,67,7
25,69,5
25,71,4
25,73,2
25,74,6
25,75,5
25,76,5
25,77,5
25,79,3
25,80,2
25,81,5
25,82,5
25,83,8
25,84,5
25,85,5
25,86,8
25,88,5
25,89,4
25,90,6
25,91,2
25,92,9
25,93,5
25,94,6
25,95,5
25,96,3
25,97,8
25,98,9
25,99,5
26,0,9
26,1,3
26,3,4
26,4,1
26,5,4
26,6,9
26,7,9
26,8,5
26,9,8
26,10,2
26,11,5
26,12,6
26,13,4
26,14,8
26,15,3
26,16,6
26,17,8
26,18,6
26,19,4
26,20,5
26,21,4
26,22,1
26,23,5
26,24,7
26,25,6
26,27,1
26,28,3
26,29,7
26,30,4
26,31,2
26,32,4
26,33,9
26,34,5
26,35,2
26,36,5
26,37,5
26,40,3
26,41,8
26,42,4
26,43,5
26,44,8
26,45,6
26,46,8
26,47,9
26,48,9
26,50,4
26,51,2
26,52,1
26,53,1
26,54,9
26,56,7
26,58,8
26,59,8
26,60,6
26,61,3
26,62,6
26,63,9
26,64,5
26,65,4
26,66,4
26,67,6
26,68,5
26,69,4
26,70,7
26,71,1
26,73,3
26,74,3
26,75,1
26,76,2
26,77,9
26,78,7
26,79,9
26,80,7
26,81,7
26,82,4
26,83,2
26,84,6
26,85,2
26,86,1
26,87,2
26,88,2
26,91,8
26,92,1
26,93,6
26,94,8
26,95,1
26,96,7
26,97,4
26,98,2
26,99,8
27,0,9
27,1,3
27,2,3
27,4,8
27,5,3
27,6,6
27,7,2
27,9,3
27,10,8
27,11,4
27,12,9
27,13,6
27,14,9
27,15,6
27,16,9
27,17,4
27,18,2
27,19,5
27,21,6
27,22,7
27,23,5
27,24,5
27,25,8
27,26,8
27,27,6
27,29,3
27,30,5
27,31,8
27,32,6
27,33,8
27,34,9
27,35,3
27,36,5
27,37,9
27,38,6
27,39,1
27,40,3
27,41,7
27,42,9
27,43,1
27,44,2
27,45,1
27,46,6
27,47,5
27,48,6
27,49,4
27,50,6
27,51,8
27,52,8
27,53,8
27,54,9
27,55,2
27,56,6
27,57,2
27,58,3
27,59,4
27,60,9
27,61,8
27,62,1
27,63,5
27,64,4
27,65,2
27,66,8
27,67,6
27,68,8
27,69,8
27,70,3
27,72,5
27,73,1
27,74,7
27,75,5
27,76,6
27,78,3
27,79,5
27,80,5
27,81,5
27,82,6
27,83,9
27,84,6
27,85,3
27,86,4
27,87,6
27,88,6
27,90,9
27,91,7
27,92,8
27,93,6
27,94,9
27,95,7
27,96,5
27,97,7
27,98,5
27,99,9
28,0,3
28,2,1
28,3,7
28,4,2
28,5,8
28,6,4
28,7,2
28,8,4
28,10,5
28,11,4
28,12,5
28,14,3
28,15,6
28,16,1
28,17,3
28,18,8
28,19,4
28,20,7
28,21,5
28,22,6
28,23,6
28,24,5
28,25,3
28,26,7
28,27,8
28,28,9
28,29,7
28,30,3
28,31,4
28,32,1
28,33,6
28,34,3
28,35,3
28,36,4
28,37,2
28,38,9
28,39,5
28,40,8
28,41,1
28,42,2
28,43,2
28,44,8
28,47,2
28,48,9
28,49,5
28,50,1
28,51,6
28,52,3
28,53,5
28,54,6
28,55,1
28,56,6
28,57,4
28,58,8
28,59,2
28,60,3
28,61,5
28,62,5
28,63,5
28,64,4
28,67,6
28,68,5
28,69,1
28,70,9
28,71,1
28,72,2
28,74,2
28,75,8
28,77,9
28,78,5
28,79,2
28,80,2
28,81,2
28,82,7
28,83,2
28,84,2
28,85,6
28,86,2
28,87,4
28,88,4
28,89,1
28,90,7
28,92,4
28,93,5
28,94,4
28,95,3
28,96,6
28,97,2
28,98,6
28,99,5
29,0,9
29,1,7
29,3,1
29,4,4
29,5,8
29,6,9
29,7,4
29,8,2
29,9,8
29,11,7
29,12,3
29,13,6
29,15,3
29,16,3
29,17,6
29,18,2
29,19,4
29,21,4
29,23,6
29,24,7
29,25,4
29,26,6
29,27,8
29,28,8
29,30,4
29,31,8
29,32,9
29,33,8
29,34,5
29,36,4
29,37,3
29,38,7
29,39,8
29,40,3
29,42,5
29,43,3
29,44,7
29,45,2
29,46,4
29,47,5
29,48,1
29,49,1
29,50,2
29,51,9
29,52,3
29,53,7
29,54,8
29,56,4
29,57,2
29,58,3
29,59,7
29,60,7
29,61,9
29,62,5
29,63,4
29,65,4
29,67,6
29,68,1
29,69,1
29,70,7
29,71,9
29,72,1
29,73,8
29,74,4
29,75,1
29,76,7
29,77,3
29,78,6
29,79,3
29,80,7
29,81,5
29,83,9
29,84,4
29,85,6
29,86,5
29,87,1
29,88,2
29,89,4
29,90,2
29,91,5
29,92,6
29,94,4
29,96,1
29,97,2
29,98,5
29,99,7
30,0,4
30,1,1
30,3,5
30,4,2
30,5,1
30,6,8
30,7,1
30,8,6
30,9,6
30,10,1
30,11,4
30,12,7
30,13,7
30,14,2
30,15,8
30,16,3
30,17,1
30,18,3
30,19,1
30,20,4
30,21,1
30,22,7
30,23,6
30,24,4
30,25,4
30,26,6
30,27,6
30,28,3
30,29,3
30,30,5
30,31,5
30,32,1
30,33,1
30,34,6
30,35,3
30,36,6
30,37,2
30,38,8
30,39,3
30,40,7
30,41,7
30,42,8
30,43,6
30,45,6
30,46,4
30,47,2
30,48,9
30,49,1
30,50,3
30,51,1
30,52,2
30,53,3
30,54,7
30,55,2
30,56,8
30,57,5
30,58,8
30,59,1
30,60,4
30,61,9
30,63,3
30,64,4
30,66,6
30,67,7
30,68,8
30,69,7
30,70,3
30,71,1
30,72,9
30,74,2
30,75,2
30,76,5
30,77,1
30,78,3
30,79,5
30,81,9
30,82,6
30,83,6
30,84,5
30,85,7
30,87,7
30,88,6
30,89,2
30,90,4
30,91,5
30,92,6
30,93,7
30,94,2
30,95,6
30,96,9
30,97,6
30,98,9
30,99,9
31,0,3
31,1,7
31,2,3
31,3,5
31,4,5
31,5,8
31,6,1
31,7,3
31,8,4
31,9,4
31,10,8
31,11,2
31,12,4
31,13,1
31,14,3
31,15,4
31,16,6
31,17,2
31,18,3
31,19,9
31,20,9
31,21,7
31,22,6
31,23,9
31,24,3
31,25,8
31,26,9
31,27,1
31,28,1
31,29,4
31,30,6
31,31,1
31,32,9
31,33,7
31,34,9
31,35,9
31,36,4
31,37,8
31,38,8
31,39,3
31,40,2
31,42,7
31,43,2
31,44,5
31,45,6
31,46,4
31,47,7
31,48,9
31,49,2
31,50,4
31,51,2
31,52,4
31,53,5
31,54,4
31,55,5
31,57,6
31,58,2
31,59,8
31,61,5
31,62,8
31,63,3
31,64,6
31,65,2
31,66,2
31,68,8
31,70,1
31,71,1
31,72,4
31,73,9
31,74,7
31,75,9
31,76,4
31,77,3
31,78,2
31,79,6
31,80,4
31,81,7
31,84,6
31,85,1
31,86,7
31,88,1
31,89,4
31,90,4
31,91,4
31,92,9
31,93,9
31,94,5
31,95,3
31,97,2
31,98,2
31,99,1
32,0,9
32,1,5
32,2,8
32,3,6
32,4,8
32,5,8
32,6,3
32,8,6
32,9,9
32,10,8
32,11,4
32,12,7
32,13,8
32,14,9
32,18,5
32,20,1
32,22,6
32,23,5
32,24,3
32,25,6
32,26,2
32,27,1
32,29,1
32,30,7
32,31,7
32,33,4
32,34,6
32,35,6
32,36,7
32,37,6
32,38,8
32,39,3
32,40,4
32,41,7
32,42,1
32,43,1
32,44,7
32,45,7
32,46,7
32,47,3
32,48,6
32,49,5
32,50,4
32,51,4
32,52,4
32,53,7
32,54,7
32,55,7
32,56,3
32,57,2
32,58,8
32,59,5
32,60,4
32,61,7
32,62,1
32,63,9
32,64,8
32,65,2
32,66,4
32,67,7
32,68,3
32,69,8
32,70,4
32,71,3
32,72,7
32,73,6
32,74,2
32,75,7
32,76,7
32,77,4
32,78,7
32,79,1
32,80,7
32,81,1
32,82,3
32,83,3
32,84,4
32,85,4
32,87,2
32,88,6
32,89,6
32,90,8
32,91,9
32,93,4
32,94,6
32,95,1
32,96,2
32,98,8
32,99,7
33,0,6
33,1,8
33,2,3
33,3,9
33,4,7
33,5,2
33,6,2
33,7,3
33,8,5
33,9,6
33,10,2
33,11,5
33,12,8
33,13,1
33,14,3
33,15,2
33,16,4
33,18,8
33,20,7
33,22,2
33,23,9
33,24,5
33,26,6
33,27,7
33,28,7
33,29,6
33,30,3
33,31,2
33,32,5
33,33,9
33,34,5
33,35,7
33,36,5
33,37,6
33,38,4
33,39,7
33,40,9
33,41,2
33,42,2
33,44,7
33,45,3
33,46,3
33,47,7
33,48,4
33,49,3
33,50,5
33,51,8
33,52,5
33,53,3
33,54,9
33,55,4
33,56,3
33,57,4
33,58,6
33,59,6
33,60,3
33,61,9
33,62,6
33,63,8
33,64,2
33,66,1
33,67,6
33,68,8
33,70,9
33,71,1
33,72,7
33,73,5
33,74,4
33,75,2
33,76,1
33,77,8
33,78,2
33,80,7
33,81,4
33,82,5
33,83,9
33,84,3
33,85,8
33,86,5
33,87,8
33,88,6
33,89,7
33,90,3
33,91,2
33,92,7
33,93,3
33,94,6
33,95,3
33,96,7
33,98,7
33,99,5
34,0,7
34,1,4
34,2,8
34,3,7
34,4,4
34,5,5
34,6,2
34,7,3
34,8,9
34,9,5
34,10,8
34,11,7
34,12,8
34,13,8
34,14,8
34,15,7
34,16,8
34,17,4
34,19,2
34,20,6
34,21,4
34,23,4
34,24,9
34,25,2
34,26,5
34,27,6
34,28,6
34,29,2
34,30,7
34,31,7
34,32,4
34,33,9
34,34,2
34,35,3
34,36,9
34,37,5
34,38,3
34,39,5
34,40,9
34,41,8
34,42,8
34,43,9
34,44,4
34,45,6
34,47,1
34,48,9
34,49,7
34,50,4
34,51,1
34,52,6
34,53,1
34,54,5
34,55,3
34,56,3
34,57,6
34,59,3
34,60,4
34,61,1
34,62,8
34,63,2
34,64,6
34,65,4
34,66,2
34,67,6
34,68,9
34,69,7
34,70,1
34,71,7
34,72,9
34,73,5
34,74,3
34,75,7
34,76,8
34,77,5
34,78,5
34,79,3
34,80,2
34,81,3
34,82,2
34,83,5
34,84,1
34,86,7
34,87,9
34,88,8
34,89,6
34,90,3
34,91,2
34,92,7
34,93,6
34,94,4
34,95,6
34,97,1
34,98,1
34,99,5
35,0,7
35,1,8
35,3,2
35,4,8
35,5,5
35,6,3
35,7,4
35,8,2
35,10,7
35,11,1
35,12,8
35,14,2
35,15,3
35,16,5
35,17,2
35,18,1
35,19,6
35,20,7
35,21,5
35,22,5
35,23,4
35,24,5
35,26,1
35,27,8
35,28,3
35,29,4
35,30,3
35,31,7
35,32,7
35,33,9
35,34,9
35,35,6
35,36,6
35,38,9
35,39,6
35,41,8
35,42,9
35,43,6
35,44,4
35,45,7
35,46,3
35,47,5
35,48,7
35,49,4
35,50,1
35,51,2
35,52,3
35,53,4
35,54,5
35,55,6
35,56,9
35,57,5
35,59,2
35,60,7
35,61,1
35,62,1
35,63,5
35,64,2
35,65,1
35,66,5
35,68,6
35,69,6
35,70,2
35,71,7
35,72,8
35,73,3
35,74,9
35,75,4
35,77,9
35,78,7
35,79,2
35,80,5
35,82,8
35,84,9
35,85,1
35,86,5
35,88,7
35,89,2
35,90,6
35,91,2
35,92,9
35,93,7
35,94,5
35,96,2
35,97,1
35,98,4
35,99,4
36,0,3
36,2,3
36,3,5
36,4,7
36,5,9
36,6,2
36,7,7
36,8,1
36,9,7
36,10,2
36,11,6
36,12,1
36,13,2
36,14,7
36,15,6
36,16,5
36,17,3
36,18,4
36,19,3
36,20,6
36,21,2
36,22,8
36,23,7
36,24,6
36,25,8
36,26,2
36,27,4
36,28,8
36,29,7
36,30,2
36,31,9
36,32,6
36,33,8
36,34,2
36,35,2
36,36,7
36,37,4
36,38,9
36,39,4
36,40,5
36,41,4
36,42,4
36,43,6
36,45,1
36,46,1
36,47,5
36,48,5
36,49,7
36,50,8
36,52,9
36,53,8
36,54,7
36,55,6
36,56,7
36,57,2
36,58,8
36,59,5
36,60,7
36,61,9
36,63,6
36,64,8
36,65,9
36,67,4
36,68,2
36,69,8
36,71,6
36,72,8
36,73,2
36,75,7
36,76,3
36,77,4
36,78,4
36,81,5
36,82,9
36,83,5
36,84,2
36,85,6
36,86,6
36,87,5
36,88,9
36,89,6
36,90,1
36,91,4
36,92,7
36,93,5
36,94,7
36,95,3
36,96,1
36,97,7
36,98,7
36,99,4
37,0,8
37,1,3
37,2,4
37,3,9
37,4,4
37,5,2
37,6,7
37,7,8
37,8,4
37,9,4
37,10,8
37,11,3
37,12,6
37,13,9
37,14,1
37,15,3
37,16,7
37,17,4
37,18,6
37,19,6
37,20,4
37,22,2
37,23,1
37,24,1
37,25,1
37,26,7
37,27,9
37,28,9
37,29,5
37,30,3
37,31,6
37,32,3
37,33,4
37,34,1
37,35,3
37,36,9
37,37,6
37,38,8
37,39,1
37,40,8
37,41,7
37,43,8
37,44,4
37,47,9
37,48,5
37,49,9
37,50,4
37,51,6
37,52,8
37,53,5
37,54,7
37,55,1
37,56,7
37,57,6
37,58,5
37,59,2
37,61,5
37,62,8
37,63,1
37,64,8
37,65,7
37,66,8
37,68,1
37,69,8
37,70,8
37,71,6
37,72,6
37,73,7
37,74,9
37,75,4
37,76,8
37,78,5
37,80,1
37,81,2
37,82,9
37,83,6
37,84,3
37,85,5
37,86,1
37,87,4
37,88,5
37,89,9
37,90,2
37,91,6
37,93,3
37,94,8
37,95,2
37,96,7
37,97,7
37,98,6
37,99,7
38,0,6
38,1,9
38,2,6
38,3,5
38,5,2
38,6,8
38,7,9
38,8,6
38,9,8
38,10,7
38,11,6
38,12,5
38,13,1
38,14,9
38,15,1
38,16,8
38,17,3
38,18,1
38,19,3
38,20,6
38,21,6
38,22,2
38,23,4
38,24,5
38,25,2
38,26,6
38,27,8
38,28,7
38,29,8
38,30,3
38,31,6
38,32,5
38,33,1
38,34,7
38,35,9
38,36,7
38,37,5
38,38,4
38,39,5
38,40,9
38,41,3
38,42,5
38,43,5
38,44,1
38,45,7
38,46,4
38,47,2
38,49,2
38,50,1
38,51,5
38,53,2
38,54,8
38,55,3
38,56,4
38,57,1
38,58,2
38,59,8
38,60,1
38,61,2
38,62,1
38,63,8
38,64,6
38,65,2
38,66,3
38,67,7
38,68,4
38,69,7
38,70,2
38,71,9
38,72,3
38,73,7
38,75,7
38,77,6
38,78,5
38,79,2
38,80,3
38,81,2
38,82,7
38,83,8
38,84,4
38,85,5
38,86,2
38,87,1
38,88,2
38,89,4
38,90,3
38,91,8
38,92,6
38,93,5
38,95,1
38,96,8
38,97,3
38,98,1
38,99,6
39,0,1
39,1,7
39,2,4
39,3,5
39,4,3
39,5,3
39,6,7
39,7,5
39,8,5
39,9,3
39,10,8
39,11,1
39,12,1
39,13,6
39,14,8
39,15,6
39,16,2
39,17,5
39,20,3
39,23,4
39,24,1
39,25,8
39,26,2
39,27,2
39,28,2
39,29,7
39,30,8
39,31,4
39,32,7
39,33,3
39,34,5
39,35,3
39,36,5
39,39,8
39,40,7
39,41,4
39,42,7
39,44,2
39,45,7
39,46,8
39,48,2
39,49,1
39,50,5
39,51,5
39,52,7
39,53,2
39,55,4
39,56,3
39,57,4
39,58,4
39,59,5
39,62,8
39,63,9
39,64,1
39,65,1
39,66,4
39,67,8
39,68,8
39,69,5
39,70,8
39,71,8
39,72,2
39,73,9
39,74,3
39,76,5
39,77,6
39,78,3
39,79,8
39,80,1
39,81,8
39,82,4
39,83,1
39,84,7
39,85,8
39,86,4
39,87,7
39,88,1
39,89,1
39,90,9
39,91,7
39,92,8
39,93,1
39,94,4
39,95,7
39,96,7
39,97,7
39,98,6
39,99,6
40,1,9
40,2,7
40,3,3
40,4,2
40,5,2
40,6,4
40,7,1
40,8,1
40,9,1
40,10,7
40,11,3
40,12,3
40,14,1
40,16,8
40,17,9
40,18,4
40,19,4
40,20,1
40,21,2
40,22,1
40,23,3
40,24,8
40,25,2
40,26,3
40,27,5
40,28,8
40,29,8
40,30,8
40,32,6
40,34,2
40,35,7
40,36,4
40,37,9
40,38,2
40,39,6
40,40,3
40,41,2
40,42,7
40,43,1
40,44,4
40,45,2
40,46,2
40,47,9
40,48,7
40,50,6
40,51,5
40,52,4
40,53,6
40,54,4
40,55,8
40,56,5
40,57,9
40,58,5
40,59,8
40,60,8
40,62,9
40,63,3
40,64,4
40,65,2
40,66,2
40,67,2
40,68,7
40,69,4
40,70,3
40,71,3
40,72,9
40,73,9
40,74,9
40,75,7
40,76,6
40,79,8
40,80,4
40,81,6
40,82,1
40,83,3
40,84,4
40,85,7
40,86,8
40,87,4
40,88,5
40,89,8
40,90,4
40,91,2
40,92,8
40,93,4
40,94,7
40,95,3
40,97,7
40,98,6
40,99,1
41,0,1
41,1,5
41,2,3
41,3,6
41,5,6
41,6,2
41,7,3
41,8,1
41,9,8
41,11,5
41,12,8
41,13,2
41,14,6
41,15,4
41,16,6
41,17,6
41,19,7
41,20,1
41,22,1
41,24,8
41,25,4
41,26,8
41,27,1
41,28,5
41,29,9
41,30,1
41,31,9
41,32,4
41,33,9
41,34,7
41,35,7
41,37,1
41,38,6
41,39,8
41,40,1
41,42,7
41,43,5
41,44,9
41,47,3
41,48,8
41,49,4
41,50,3
41,51,4
41,52,5
41,53,7
41,54,9
41,55,3
41,57,3
41,58,3
41,60,4
41,61,5
41,62,8
41,64,5
41,65,6
41,66,6
41,67,6
41,68,3
41,69,1
41,70,8
41,71,5
41,72,3
41,73,6
41,74,2
41,76,2
41,77,6
41,78,4
41,79,8
41,80,1
41,81,9
41,82,8
41,83,7
41,84,6
41,85,5
41,86,6
41,87,6
41,88,5
41,89,3
41,90,2
41,91,8
41,92,1
41,93,2
41,94,4
41,95,4
41,97,1
41,99,3
42,0,4
42,1,6
42,2,5
42,3,1
42,4,5
42,5,4
42,6,6
42,10,6
42,11,8
42,12,1
42,13,5
42,14,8
42,15,6
42,16,9
42,17,6
42,18,8
42,19,6
42,20,8
42,21,3
42,22,8
42,23,9
42,24,1
42,25,2
42,26,9
42,27,2
42,28,7
42,29,9
42,30,4
42,31,3
42,32,1
42,33,5
42,34,9
42,35,2
42,36,8
42,37,4
42,38,9
42,39,3
42,41,2
42,43,5
42,44,7
42,46,6
42,47,2
42,48,1
42,49,3
42,51,1
42,52,4
42,53,6
42,54,8
42,55,8
42,56,7
42,57,6
42,58,1
42,59,1
42,60,2
42,61,5
42,63,4
42,64,5
42,65,7
42,66,1
42,67,3
42,68,7
42,69,2
42,70,6
42,72,1
42,73,3
42,74,9
42,75,2
42,76,7
42,77,5
42,79,7
42,80,2
42,81,7
42,82,8
42,83,6
42,84,3
42,85,5
42,86,7
42,87,5
42,88,3
42,89,5
42,90,9
42,91,4
42,92,1
42,93,5
42,94,3
42,95,4
42,96,4
42,97,3
42,98,4
42,99,8
43,0,1
43,1,4
43,2,9
43,3,7
43,4,2
43,5,4
43,6,1
43,7,8
43,8,1
43,9,5
43,10,8
43,11,7
43,12,3
43,13,3
43,14,5
43,15,4
43,16,3
43,17,3
43,19,8
43,20,3
43,21,6
43,22,6
43,23,8
43,24,5
43,25,3
43,26,3
43,27,7
43,28,9
43,29,4
43,30,9
43,31,9
43,33,8
43,34,7
43,35,1
43,37,6
43,38,3
43,39,8
43,41,7
43,42,8
43,43,9
43,44,7
43,45,3
43,47,5
43,48,2
43,49,9
43,50,5
43,51,4
43,52,1
43,54,7
43,55,2
43,56,4
43,57,6
43,58,2
43,59,3
43,60,2
43,61,1
43,62,7
43,63,5
43,64,5
43,66,2
43,67,2
43,68,9
43,69,3
43,70,5
43,71,8
43,72,4
43,73,6
43,75,9
43,76,8
43,77,2
43,79,8
43,80,2
43,81,2
43,82,3
43,83,3
43,84,6
43,85,6
43,86,4
43,87,8
43,88,9
43,89,5
43,90,1
43,91,5
43,93,5
43,94,9
43,95,3
43,96,6
43,97,7
43,98,3
44,0,8
44,1,8
44,2,5
44,3,3
44,4,4
44,5,7
44,6,6
44,8,7
44,10,1
44,11,1
44,12,6
44,13,9
44,14,5
44,15,6
44,17,3
44,19,1
44,20,8
44,21,1
44,22,9
44,23,9
44,24,7
44,25,4
44,26,7
44,27,9
44,28,4
44,29,6
44,30,2
44,32,1
44,33,4
44,35,5
44,36,3
44,37,3
44,38,2
44,39,2
44,40,3
44,42,3
44,43,1
44,44,9
44,45,1
44,46,1
44,47,8
44,48,6
44,50,2
44,51,8
44,52,8
44,53,5
44,55,5
44,56,9
44,57,3
44,58,1
44,59,8
44,60,9
44,61,4
44,62,6
44,64,1
44,65,4
44,67,4
44,69,8
44,70,9
44,71,1
44,72,5
44,73,6
44,74,6
44,75,4
44,76,6
44,77,2
44,78,5
44,79,3
44,80,2
44,83,6
44,84,4
44,85,5
44,86,3
44,87,1
44,88,5
44,89,1
44,90,8
44,91,9
44,93,4
44,94,4
44,95,2
44,96,2
44,97,6
44,98,5
44,99,1
45,0,8
45,1,1
45,2,2
45,3,8
45,4,7
45,6,7
45,8,6
45,9,4
45,10,8
45,11,4
45,12,3
45,13,8
45,14,6
45,15,4
45,16,4
45,17,8
45,18,9
45,19,7
45,20,2
45,21,8
45,22,7
45,23,6
45,25,1
45,26,7
45,27,4
45,28,9
45,29,2
45,30,4
45,31,5
45,32,2
45,33,3
45,34,1
45,35,8
45,36,9
45,37,9
45,38,8
45,39,8
45,40,3
45,41,5
45,42,8
45,43,9
45,44,3
45,45,3
45,46,6
45,47,5
45,48,8
45,49,5
45,50,7
45,51,7
45,52,3
45,53,1
45,54,2
45,55,8
45,56,9
45,57,5
45,58,1
45,60,8
45,61,9
45,62,1
45,63,1
45,64,3
45,65,6
45,66,2
45,67,7
45,69,6
45,70,8
45,71,8
45,72,2
45,73,3
45,74,7
45,75,6
45,76,7
45,77,5
45,78,3
45,81,8
45,82,6
45,83,1
45,84,4
45,85,8
45,86,4
45,88,6
45,89,3
45,90,6
45,91,2
45,92,3
45,94,1
45,95,7
45,96,5
45,97,7
45,98,7
45,99,9
46,0,1
46,1,3
46,2,5
46,3,7
46,4,7
46,5,5
46,6,3
46,7,8
46,8,4
46,9,2
46,10,9
46,11,3
46,12,4
46,13,5
46,14,3
46,15,1
46,16,5
46,17,5
46,18,3
46,19,5
46,20,5
46,21,6
46,22,1
46,24,3
46,25,1
46,26,4
46,27,6
46,28,3
46,29,9
46,30,7
46,31,8
46,34,4
46,35,6
46,36,9
46,38,3
46,39,1
46,40,5
46,42,7
46,43,8
46,44,9
46,45,9
46,46,1
46,47,7
46,48,5
46,49,8
46,50,1
46,51,1
46,52,2
46,53,8
46,54,4
46,55,1
46,56,5
46,57,8
46,58,8
46,59,7
46,60,8
46,63,3
46,64,2
46,65,6
46,66,1
46,67,5
46,68,4
46,69,2
46,70,9
46,71,4
46,72,4
46,73,1
46,74,1
46,75,8
46,76,2
46,77,9
46,78,6
46,79,7
46,80,6
46,81,7
46,82,4
46,83,6
46,84,6
46,86,9
46,87,1
46,88,2
46,89,8
46,90,8
46,91,4
46,92,3
46,93,2
46,94,1
46,96,9
46,97,8
46,98,6
46,99,6
47,0,5
47,1,6
47,2,9
47,3,4
47,4,5
47,5,6
47,6,8
47,7,6
47,8,5
47,9,2
47,10,9
47,11,4
47,12,1
47,13,1
47,14,8
47,15,5
47,16,9
47,17,5
47,18,1
47,19,7
47,20,6
47,21,8
47,22,8
47,23,3
47,26,8
47,27,9
47,28,5
47,29,3
47,30,9
47,31,1
47,32,6
47,33,5
47,34,4
47,35,7
47,36,2
47,37,4
47,38,7
47,39,5
47,40,9
47,41,9
47,42,6
47,43,5
47,44,6
47,45,8
47,46,3
47,47,6
47,49,2
47,50,6
47,51,4
47,53,9
47,54,4
47,56,3
47,57,7
47,58,1
47,59,5
47,60,8
47,61,7
47,62,1
47,63,8
47,64,7
47,65,3
47,66,1
47,67,7
47,69,2
47,71,8
47,73,3
47,74,7
47,75,8
47,76,9
47,77,5
47,78,1
47,79,7
47,80,5
47,81,8
47,82,6
47,83,3
47,84,9
47,85,9
47,87,7
47,88,5
47,89,4
47,91,8
47,92,6
47,94,8
47,95,3
47,96,3
47,97,3
47,98,3
47,99,7
48,0,3
48,1,6
48,3,6
48,4,2
48,5,2
48,6,1
48,7,3
48,8,1
48,9,1
48,10,4
48,11,4
48,12,7
48,14,7
48,15,3
48,16,7
48,17,7
48,18,8
48,20,8
48,21,2
48,22,4
48,23,7
48,24,5
48,25,7
48,26,2
48,28,7
48,29,3
48,30,6
48,31,5
48,33,9
48,34,9
48,35,7
48,36,7
48,38,9
48,39,9
48,40,7
48,41,5
48,42,7
48,43,2
48,44,4
48,45,6
48,46,7
48,47,3
48,48,9
48,49,7
48,50,7
48,51,6
48,52,6
48,53,5
48,54,1
48,55,3
48,56,5
48,58,8
48,59,6
48,60,2
48,61,5
48,62,2
48,63,9
48,64,8
48,66,5
48,67,2
48,69,6
48,70,2
48,71,7
48,72,9
48,73,1
48,74,8
48,75,9
48,76,1
48,77,8
48,78,2
48,80,2
48,81,9
48,83,4
48,85,7
48,86,1
48,87,2
48,88,8
48,89,9
48,90,7
48,91,9
48,92,2
48,93,5
48,94,5
48,95,5
48,96,1
48,97,5
48,98,1
48,99,4
49,0,5
49,1,1
49,2,2
49,3,7
49,4,6
49,5,7
49,6,9
49,7,1
49,10,1
49,12,6
49,13,4
49,15,6
49,16,7
49,17,5
49,18,9
49,19,4
49,20,9
49,21,8
49,23,5
49,24,2
49,25,2
49,26,1
49,27,4
49,28,7
49,29,3
49,30,6
49,31,3
49,32,2
49,33,2
49,34,9
49,35,4
49,36,9
49,37,5
49,39,7
49,40,6
49,41,7
49,43,5
49,44,7
49,45,4
49,46,5
49,47,8
49,48,4
49,49,8
49,50,9
49,51,3
49,52,2
49,54,6
49,55,9
49,56,9
49,57,1
49,58,6
49,59,1
49,60,9
49,61,6
49,62,8
49,64,4
49,65,5
49,66,2
49,67,7
49,68,4
49,69,6
49,70,2
49,71,1
49,73,5
49,74,9
49,75,5
49,76,6
49,78,7
49,79,5
49,82,7
49,83,7
49,84,6
49,85,8
49,86,4
49,89,9
49,90,6
49,91,8
49,92,2
49,93,7
49,94,9
49,95,1
49,96,6
49,97,8
49,98,9
49,99,4
50,0,6
50,1,2
50,2,5
50,3,8
50,4,8
50,5,4
50,7,3
50,8,2
50,10,2
50,11,6
50,13,5
50,14,3
50,15,7
50,16,2
50,17,5
50,18,3
50,19,6
50,20,5
50,21,4
50,22,1
50,23,5
50,24,7
50,25,8
50,26,2
50,27,7
50,28,5
50,30,7
50,31,9
50,32,9
50,33,8
50,34,8
50,35,8
50,36,2
50,37,7
50,38,3
50,39,2
50,40,6
50,41,3
50,42,6
50,44,3
50,45,8
50,46,7
50,47,2
50,48,7
50,49,1
50,51,7
50,52,4
50,54,3
50,55,2
50,56,7
50,57,6
50,58,3
50,59,6
50,60,7
50,61,3
50,62,8
50,63,4
50,64,3
50,65,4
50,66,8
50,67,1
50,68,8
50,69,8
50,71,3
50,72,3
50,74,7
50,75,4
50,77,9
50,78,2
50,79,4
50,80,3
50,81,2
50,82,4
50,83,4
50,84,2
50,85,9
50,86,7
50,87,4
50,88,2
50,89,8
50,90,3
50,91,1
50,92,3
50,93,6
50,94,5
50,95,4
50,96,1
50,97,2
50,99,2
51,0,3
51,1,9
51,2,7
51,3,2
51,4,9
51,5,4
51,6,8
51,7,2
51,8,2
51,9,4
51,10,6
51,11,8
51,12,7
51,13,5
51,15,4
51,16,3
51,17,8
51,18,6
51,19,7
51,20,8
51,21,2
51,22,3
51,23,9
51,25,2
51,26,3
51,27,9
51,28,4
51,29,5
51,30,3
51,31,8
51,32,2
51,33,1
51,35,9
51,36,1
51,37,3
51,38,8
51,39,1
51,40,9
51,41,7
51,42,9
51,43,8
51,44,3
51,45,4
51,46,7
51,47,4
51,48,2
51,49,7
51,50,1
51,51,9
51,52,6
51,53,4
51,54,2
51,55,5
51,56,5
51,57,3
51,58,5
51,59,9
51,60,3
51,62,7
51,63,1
51,64,7
51,65,7
51,66,6
51,67,6
51,68,3
51,69,6
51,70,5
51,71,5
51,72,8
51,73,3
51,74,9
51,75,3
51,76,6
51,78,7
51,79,6
51,80,2
51,81,4
51,82,7
51,83,7
51,84,7
51,85,7
51,86,9
51,87,3
51,88,1
51,89,1
51,90,1
51,91,5
51,92,5
51,93,8
51,94,7
51,95,4
51,96,6
51,97,2
51,98,1
51,99,1
52,0,3
52,1,8
52,2,1
52,3,8
52,4,8
52,5,1
52,6,5
52,7,4
52,8,3
52,9,7
52,11,8
52,12,6
52,13,2
52,14,1
52,15,5
52,16,2
52,17,1
52,19,9
52,21,6
52,22,3
52,23,5
52,24,9
52,25,7
52,26,1
52,27,5
52,28,7
52,29,8
52,30,8
52,31,2
52,33,8
52,34,8
52,35,2
52,36,7
52,37,6
52,38,3
52,39,6
52,40,6
52,41,8
52,42,1
52,43,9
52,44,7
52,45,4
52,46,2
52,47,5
52,48,3
52,49,2
52,50,3
52,51,3
52,52,4
52,53,1
52,55,5
52,56,7
52,57,5
52,58,2
52,59,8
52,60,4
52,61,4
52,62,1
52,63,5
52,64,5
52,65,4
52,66,2
52,67,7
52,68,4
52,69,9
52,70,4
52,71,9
52,72,5
52,74,1
52,75,1
52,76,1
52,77,6
52,79,9
52,80,9
52,81,9
52,82,7
52,83,9
52,84,9
52,85,1
52,86,4
52,87,1
52,88,2
52,89,4
52,90,8
52,91,8
52,92,6
52,93,9
52,94,1
52,95,8
52,96,2
52,97,1
52,98,6
52,99,5
53,0,8
53,1,8
53,2,7
53,3,6
53,4,2
53,5,8
53,6,9
53,7,7
53,8,3
53,10,7
53,11,7
53,12,7
53,14,9
53,15,4
53,16,3
53,17,9
53,18,3
53,19,9
53,20,9
53,22,5
53,23,7
53,24,4
53,25,7
53,26,5
53,27,1
53,29,3
53,30,7
53,31,1
53,32,8
53,33,8
53,34,1
53,35,5
53,36,1
53,37,4
53,38,9
53,39,2
53,40,6
53,41,6
53,42,5
53,43,7
53,44,1
53,45,6
53,46,5
53,47,7
53,48,2
53,49,7
53,50,4
53,51,9
53,52,7
53,53,5
53,54,8
53,55,9
53,57,7
53,58,2
53,61,6
53,62,7
53,63,2
53,64,7
53,66,6
53,67,9
53,68,4
53,69,6
53,70,6
53,71,1
53,72,4
53,73,6
53,74,6
53,75,2
53,76,4
53,77,2
53,78,1
53,79,1
53,80,3
53,81,2
53,82,7
53,83,4
53,84,6
53,85,2
53,86,7
53,87,3
53,88,7
53,89,2
53,90,8
53,91,9
53,92,3
53,93,4
53,94,3
53,95,2
53,96,9
53,97,5
53,98,3
53,99,4
54,0,8
54,1,7
54,2,3
54,3,9
54,4,2
54,5,8
54,6,2
54,7,2
54,8,9
54,9,4
54,11,1
54,12,8
54,13,6
54,14,8
54,15,2
54,16,1
54,17,2
54,18,8
54,19,8
54,20,2
54,21,1
54,22,8
54,23,9
54,24,5
54,25,8
54,26,3
54,27,7
54,29,8
54,30,4
54,31,4
54,33,1
54,35,4
54,36,9
54,37,9
54,38,1
54,39,8
54,40,4
54,41,3
54,42,1
54,43,8
54,44,5
54,45,5
54,46,9
54,47,8
54,48,4
54,49,5
54,50,7
54,52,7
54,54,2
54,55,2
54,56,3
54,57,6
54,59,3
54,60,8
54,61,6
54,63,8
54,64,1
54,65,3
54,66,4
54,67,8
54,68,1
54,69,2
54,70,6
54,71,7
54,73,3
54,74,4
54,75,8
54,78,2
54,79,5
54,80,5
54,81,9
54,82,6
54,83,8
54,84,8
54,85,2
54,86,1
54,87,2
54,88,9
54,89,2
54,91,6
54,92,2
54,93,4
54,94,1
54,95,1
54,96,2
54,97,3
54,99,4
55,0,8
55,1,1
55,2,9
55,3,9
55,4,1
55,5,8
55,6,9
55,7,8
55,8,8
55,10,7
55,11,4
55,12,1
55,13,8
55,14,3
55,15,8
55,17,6
55,19,9
55,21,7
55,22,1
55,23,5
55,24,6
55,25,4
55,26,5
55,27,4
55,28,3
55,29,7
55,30,1
55,31,8
55,32,8
55,33,2
55,34,9
55,35,6
55,36,7
55,37,5
55,38,4
55,39,4
55,40,3
55,41,6
55,42,6
55,43,8
55,44,3
55,45,1
55,46,6
55,47,7
55,48,9
55,49,1
55,50,8
55,51,1
55,52,3
55,53,9
55,54,7
55,55,9
55,56,6
55,57,4
55,58,4
55,59,6
55,60,3
55,61,9
55,62,6
55,63,9
55,65,8
55,66,7
55,67,9
55,68,7
55,69,9
55,70,5
55,71,2
55,72,6
55,73,8
55,74,5
55,75,1
55,76,8
55,78,7
55,79,2
55,80,5
55,81,7
55,82,2
55,83,3
55,84,5
55,85,7
55,86,1
55,87,9
55,88,5
55,89,6
55,90,9
55,91,6
55,92,4
55,94,3
55,95,4
55,96,4
55,97,6
55,98,9
55,99,2
56,0,8
56,1,5
56,2,4
56,3,4
56,4,9
56,5,1
56,6,5
56,7,5
56,8,3
56,9,7
56,10,2
56,11,5
56,12,6
56,13,3
56,14,7
56,15,4
56,16,2
56,17,9
56,18,2
56,19,9
56,20,5
56,21,1
56,22,5
56,24,6
56,25,4
56,26,9
56,27,4
56,28,6
56,29,8
56,30,6
56,31,2
56,32,2
56,33,9
56,34,8
56,35,4
56,36,6
56,37,6
56,38,4
56,39,4
56,40,2
56,41,7
56,42,7
56,43,9
56,44,1
56,45,2
56,47,9
56,48,3
56,49,7
56,50,6
56,52,2
56,53,5
56,54,5
56,56,2
56,57,9
56,58,4
56,59,2
56,60,9
56,61,3
56,63,6
56,64,7
56,66,5
56,67,6
56,68,6
56,69,2
56,71,6
56,72,4
56,73,5
56,74,5
56,75,3
56,77,5
56,78,4
56,80,5
56,81,5
56,82,8
56,83,8
56,84,5
56,86,9
56,87,5
56,89,1
56,90,6
56,91,4
56,92,5
56,93,6
56,94,1
56,96,5
56,97,1
56,98,8
56,99,2
57,0,7
57,1,4
57,3,3
57,4,3
57,5,5
57,7,7
57,8,3
57,9,8
57,10,8
57,11,5
57,12,5
57,13,2
57,14,5
57,16,1
57,17,5
57,18,2
57,19,8
57,20,6
57,21,4
57,22,4
57,23,2
57,24,3
57,25,8
57,26,3
57,27,2
57,28,4
57,29,9
57,30,4
57,31,1
57,32,3
57,33,7
57,34,8
57,35,5
57,37,9
57,38,9
57,39,5
57,40,2
57,41,4
57,42,1
57,43,1
57,44,7
57,45,6
57,46,8
57,47,7
57,48,1
57,49,6
57,50,9
57,52,2
57,53,8
57,55,7
57,56,4
57,57,2
57,58,3
57,59,9
57,60,7
57,63,4
57,64,3
57,65,3
57,66,2
57,67,4
57,68,8
57,69,1
57,71,9
57,72,8
57,73,2
57,74,8
57,75,4
57,76,1
57,77,5
57,78,6
57,79,9
57,80,2
57,81,2
57,82,3
57,83,9
57,84,9
57,85,1
57,87,3
57,88,9
57,89,7
57,90,7
57,91,8
57,93,8
57,94,3
57,95,3
57,97,5
57,98,3
57,99,1
58,0,2
58,1,3
58,2,9
58,3,6
58,4,4
58,5,3
58,6,2
58,7,8
58,8,7
58,9,9
58,10,1
58,11,7
58,12,7
58,13,2
58,14,6
58,15,5
58,16,9
58,17,7
58,18,1
58,19,6
58,20,7
58,21,3
58,22,5
58,23,8
58,25,2
58,26,9
58,27,8
58,28,1
58,29,1
58,30,3
58,31,7
58,32,5
58,33,5
58,35,8
58,36,5
58,39,4
58,40,8
58,41,3
58,42,1
58,43,6
58,44,8
58,45,6
58,46,6
58,47,7
58,48,1
58,49,1
58,51,7
58,52,7
58,53,1
58,54,7
58,55,4
58,56,4
58,58,1
58,59,1
58,60,1
58,61,8
58,62,7
58,63,5
58,64,3
58,65,5
58,66,6
58,67,8
58,68,5
58,69,2
58,70,7
58,71,2
58,72,2
58,73,1
58,74,8
58,75,8
58,76,4
58,77,1
58,78,3
58,79,5
58,80,2
58,82,5
58,83,4
58,84,5
58,85,7
58,86,1
58,88,7
58,89,2
58,90,5
58,91,4
58,92,8
58,93,1
58,95,8
58,96,5
58,97,8
58,98,7
58,99,4
59,1,1
59,2,1
59,3,8
59,4,5
59,5,6
59,6,4
59,7,8
59,8,2
59,9,4
59,10,3
59,11,8
59,12,7
59,13,9
59,14,5
59,15,6
59,16,5
59,17,9
59,18,2
59,19,1
59,20,7
59,21,8
59,23,4
59,24,4
59,25,4
59,26,1
59,27,6
59,28,6
59,29,6
59,30,5
59,31,8
59,32,3
59,33,1
59,34,9
59,35,4
59,36,2
59,37,1
59,38,2
59,39,2
59,40,4
59,41,2
59,42,2
59,43,5
59,44,3
59,45,5
59,46,3
59,47,7
59,48,8
59,49,3
59,50,7
59,51,5
59,52,1
59,53,6
59,54,3
59,55,9
59,56,3
59,57,7
59,58,7
59,59,4
59,60,7
59,61,7
59,62,8
59,63,3
59,64,2
59,65,7
59,66,6
59,67,2
59,68,6
59,69,8
59,70,4
59,72,2
59,73,4
59,74,6
59,75,4
59,78,6
59,79,8
59,80,1
59,81,9
59,82,3
59,83,7
59,84,2
59,85,5
59,86,9
59,87,7
59,88,2
59,89,4
59,90,3
59,91,7
59,92,4
59,93,2
59,94,4
59,95,8
59,96,1
59,97,7
59,98,2
59,99,5
60,0,9
60,1,2
60,2,5
60,3,2
60,4,8
60,5,5
60,7,9
60,8,4
60,9,8
60,10,3
60,11,6
60,12,9
60,13,9
60,14,8
60,17,1
60,18,7
60,19,2
60,20,6
60,21,9
60,22,7
60,23,3
60,24,6
60,25,1
60,26,6
60,28,4
60,29,5
60,31,8
60,32,2
60,33,2
60,34,2
60,35,1
60,36,4
60,37,1
60,38,1
60,40,7
60,41,5
60,42,7
60,43,4
60,44,1
60,45,6
60,46,9
60,47,7
60,48,8
60,49,8
60,50,6
60,51,3
60,52,1
60,53,9
60,54,5
60,55,5
60,56,5
60,57,2
60,58,8
60,59,6
60,60,9
60,61,9
60,62,5
60,63,8
60,64,1
60,65,5
60,66,6
60,67,1
60,68,7
60,69,5
60,70,7
60,71,5
60,73,5
60,74,9
60,76,1
60,77,8
60,79,5
60,80,3
60,81,9
60,82,6
60,83,7
60,84,3
60,85,9
60,86,8
60,87,2
60,88,6
60,89,6
60,90,2
60,91,8
60,92,6
60,93,7
60,94,9
60,95,6
60,96,1
60,97,7
60,98,8
60,99,8
61,0,1
61,1,7
61,2,7
61,3,9
61,4,8
61,5,1
61,6,9
61,7,1
61,8,9
61,9,5
61,10,2
61,11,1
61,12,4
61,13,7
61,14,2
61,15,3
61,16,6
61,17,9
61,18,8
61,19,3
61,20,4
61,21,9
61,22,4
61,23,1
61,24,1
61,25,3
61,27,9
61,29,6
61,30,4
61,32,6
61,33,2
61,34,4
61,35,4
61,36,4
61,37,2
61,38,8
61,39,4
61,40,4
61,41,2
61,42,5
61,43,1
61,44,6
61,45,1
61,46,2
61,47,1
61,48,3
61,49,8
61,50,6
61,51,6
61,52,9
61,53,4
61,54,1
61,55,2
61,56,5
61,57,6
61,58,3
61,59,2
61,60,2
61,61,3
61,62,6
61,63,1
61,64,9
61,65,1
61,66,9
61,67,4
61,68,8
61,69,7
61,70,8
61,71,4
61,72,5
61,73,7
61,74,3
61,75,1
61,76,4
61,77,2
61,78,6
61,79,2
61,80,1
61,81,9
61,82,5
61,83,4
61,84,1
61,86,9
61,87,2
61,88,4
61,89,9
61,90,7
61,91,4
61,92,3
61,93,7
61,94,5
61,95,6
61,96,2
61,97,1
61,98,7
61,99,6
62,0,2
62,1,7
62,2,9
62,3,3
62,4,2
62,5,7
62,6,1
62,7,7
62,8,8
62,9,9
62,10,1
62,11,5
62,12,5
62,13,2
62,14,8
62,15,8
62,16,6
62,18,4
62,19,1
62,20,4
62,21,4
62,22,5
62,23,7
62,24,3
62,25,6
62,26,5
62,27,5
62,28,4
62,29,2
62,31,3
62,32,2
62,33,5
62,34,1
62,35,3
62,36,2
62,37,7
62,38,2
62,39,9
62,40,5
62,41,6
62,42,9
62,43,5
62,44,1
62,45,9
62,46,4
62,47,5
62,48,2
62,49,6
62,50,3
62,51,9
62,52,7
62,53,7
62,54,7
62,55,1
62,56,5
62,57,9
62,58,3
62,59,8
62,60,4
62,61,6
62,62,3
62,63,4
62,64,9
62,65,2
62,66,4
62,67,8
62,69,3
62,70,1
62,71,5
62,73,8
62,74,7
62,75,5
62,76,7
62,77,9
62,78,9
62,79,6
62,80,5
62,81,6
62,82,1
62,83,9
62,84,5
62,86,7
62,87,9
62,88,6
62,89,5
62,90,6
62,91,9
62,92,6
62,93,2
62,94,1
62,95,1
62,96,7
62,97,2
62,98,2
62,99,6
63,0,2
63,1,1
63,2,3
63,3,7
63,4,5
63,5,6
63,6,5
63,7,9
63,8,6
63,9,8
63,10,2
63,11,5
63,12,5
63,13,5
63,14,5
63,15,9
63,16,2
63,17,4
63,18,7
63,19,8
63,20,5
63,21,6
63,22,5
63,23,9
63,24,2
63,25,9
63,26,9
63,27,3
63,29,2
63,31,6
63,32,3
63,33,6
63,34,1
63,35,8
63,36,6
63,37,4
63,39,6
63,40,1
63,41,5
63,42,5
63,44,7
63,46,1
63,47,7
63,48,6
63,49,3
63,50,1
63,51,5
63,52,6
63,53,3
63,54,7
63,55,8
63,56,7
63,57,5
63,59,5
63,60,1
63,61,9
63,62,3
63,63,8
63,64,7
63,65,4
63,67,6
63,68,6
63,69,1
63,70,9
63,71,4
63,72,8
63,73,4
63,74,5
63,75,9
63,77,8
63,78,8
63,79,1
63,81,2
63,82,2
63,83,6
63,84,6
63,85,9
63,86,4
63,87,8
63,89,5
63,90,9
63,91,9
63,92,6
63,93,1
63,94,4
63,95,6
63,96,9
63,97,4
63,98,4
63,99,4
64,0,4
64,1,6
64,2,4
64,4,3
64,5,4
64,6,1
64,7,5
64,8,8
64,9,5
64,10,5
64,11,7
64,12,1
64,13,1
64,14,7
64,15,4
64,16,1
64,18,2
64,19,1
64,21,5
64,22,7
64,23,3
64,24,4
64,25,1
64,26,6
64,27,5
64,28,5
64,29,9
64,30,2
64,31,9
64,32,7
64,36,5
64,37,3
64,38,9
64,39,2
64,40,6
64,41,4
64,42,5
64,43,1
64,44,7
64,46,8
64,47,8
64,48,6
64,50,4
64,51,8
64,53,4
64,54,7
64,55,6
64,57,6
64,58,2
64,59,1
64,60,9
64,61,6
64,62,1
64,63,7
64,64,7
64,65,8
64,66,2
64,67,2
64,68,8
64,69,5
64,70,1
64,71,7
64,72,2
64,73,3
64,74,3
64,76,4
64,77,1
64,78,6
64,79,4
64,80,1
64,81,6
64,83,5
64,84,4
64,85,4
64,86,4
64,87,6
64,88,6
64,89,5
64,90,1
64,91,1
64,92,1
64,93,5
64,94,3
64,95,4
64,96,2
64,97,9
64,98,7
64,99,3
65,0,5
65,1,5
65,2,4
65,3,1
65,4,3
65,5,6
65,6,1
65,7,4
65,8,2
65,9,1
65,10,5
65,11,3
65,12,1
65,13,4
65,14,7
65,15,6
65,16,2
65,17,2
65,18,2
65,19,1
65,20,2
65,21,5
65,22,1
65,23,5
65,24,8
65,25,9
65,26,1
65,27,2
65,29,4
65,30,2
65,31,2
65,32,5
65,33,8
65,35,9
65,36,7
65,37,2
65,38,3
65,39,5
65,40,3
65,41,9
65,42,8
65,43,3
65,44,9
65,46,8
65,47,6
65,48,4
65,50,9
65,51,6
65,52,9
65,53,1
65,54,8
65,55,8
65,57,3
65,58,8
65,59,4
65,60,8
65,61,7
65,62,1
65,63,1
65,64,1
65,65,8
65,66,5
65,67,9
65,68,8
65,69,2
65,70,1
65,71,8
65,72,9
65,74,8
65,75,5
65,76,1
65,77,2
65,78,8
65,79,9
65,80,2
65,81,6
65,82,4
65,83,4
65,84,5
65,85,7
65,86,7
65,87,4
65,88,4
65,90,9
65,91,8
65,92,3
65,93,3
65,94,8
65,95,5
65,97,7
65,99,2
66,0,5
66,1,6
66,2,1
66,3,8
66,4,2
66,5,7
66,6,4
66,7,5
66,8,2
66,9,5
66,10,3
66,11,5
66,12,9
66,13,1
66,14,2
66,15,9
66,16,6
66,17,9
66,18,6
66,19,9
66,20,6
66,21,4
66,23,1
66,24,5
66,25,7
66,27,8
66,28,3
66,29,1
66,31,6
66,32,9
66,33,7
66,34,1
66,35,3
66,36,2
66,37,1
66,38,2
66,39,9
66,40,7
66,41,3
66,42,2
66,43,2
66,45,7
66,47,5
66,48,1
66,49,7
66,50,5
66,51,2
66,52,6
66,54,3
66,55,3
66,56,1
66,57,8
66,59,2
66,60,9
66,62,4
66,63,9
66,64,2
66,65,9
66,66,7
66,67,7
66,68,7
66,69,6
66,70,6
66,71,4
66,72,1
66,73,3
66,74,8
66,75,1
66,76,3
66,77,1
66,79,6
66,80,1
66,81,7
66,82,5
66,83,9
66,84,2
66,85,5
66,86,5
66,87,7
66,88,6
66,89,2
66,91,4
66,92,1
66,93,5
66,94,9
66,95,8
66,96,6
66,97,3
66,98,8
66,99,7
67,0,9
67,1,6
67,2,4
67,3,2
67,4,7
67,5,6
67,6,6
67,7,2
67,8,3
67,9,8
67,10,5
67,11,6
67,12,9
67,13,2
67,14,3
67,15,3
67,16,5
67,17,3
67,18,7
67,19,9
67,20,1
67,21,8
67,22,6
67,24,6
67,25,5
67,26,6
67,27,5
67,29,4
67,30,1
67,31,7
67,32,5
67,33,3
67,34,3
67,35,2
67,37,3
67,39,1
67,41,3
67,42,6
67,43,3
67,44,3
67,45,6
67,46,7
67,47,5
67,48,4
67,49,7
67,50,3
67,52,1
67,53,7
67,54,8
67,55,2
67,56,7
67,58,4
67,59,1
67,60,3
67,63,3
67,65,8
67,66,9
67,67,3
67,68,6
67,69,6
67,70,4
67,71,9
67,72,8
67,73,6
67,74,5
67,75,7
67,76,3
67,77,6
67,78,4
67,79,1
67,80,9
67,81,7
67,82,1
67,83,2
67,84,5
67,85,7
67,86,6
67,87,9
67,88,8
67,90,2
67,92,2
67,93,9
67,94,2
67,95,8
67,96,8
67,97,6
67,98,2
67,99,3
68,0,3
68,1,6
68,3,2
68,4,5
68,5,9
68,7,1
68,8,5
68,9,9
68,10,5
68,12,1
68,13,3
68,14,1
68,18,4
68,19,3
68,21,2
68,22,1
68,23,3
68,24,8
68,26,8
68,27,7
68,28,2
68,29,3
68,30,3
68,31,5
68,32,6
68,33,2
68,34,2
68,35,9
68,38,2
68,39,9
68,40,8
68,41,5
68,42,1
68,43,8
68,44,1
68,45,6
68,46,9
68,47,1
68,48,6
68,49,7
68,50,4
68,51,9
68,53,8
68,54,2
68,56,5
68,57,3
68,58,7
68,59,6
68,60,2
68,61,2
68,62,9
68,63,6
68,64,3
68,65,6
68,66,3
68,67,6
68,68,8
68,69,1
68,71,1
68,72,6
68,73,1
68,74,4
68,75,4
68,76,6
68,78,4
68,79,6
68,80,3
68,81,4
68,82,7
68,83,3
68,84,7
68,85,7
68,86,6
68,87,6
68,88,1
68,89,2
68,90,9
68,91,7
68,92,7
68,93,3
68,94,6
68,96,7
68,97,8
68,98,6
68,99,6
69,0,1
69,1,8
69,2,9
69,3,4
69,5,2
69,6,1
69,7,3
69,8,9
69,9,9
69,10,1
69,11,4
69,12,2
69,13,6
69,15,9
69,16,5
69,17,1
69,18,7
69,19,6
69,20,5
69,21,3
69,22,5
69,23,3
69,24,9
69,25,6
69,26,7
69,27,1
69,28,8
69,29,7
69,30,6
69,31,6
69,32,4
69,33,4
69,34,3
69,36,5
69,37,5
69,38,6
69,39,9
69,40,7
69,41,7
69,42,5
69,43,6
69,44,1
69,45,8
69,46,2
69,47,2
69,48,4
69,49,2
69,50,3
69,51,9
69,52,2
69,53,5
69,54,7
69,55,4
69,56,4
69,57,9
69,58,6
69,59,6
69,60,6
69,61,6
69,62,6
69,63,3
69,65,7
69,66,6
69,67,1
69,68,4
69,69,2
69,70,1
69,72,5
69,73,6
69,74,9
69,75,9
69,76,9
69,77,9
69,78,4
69,79,8
69,80,4
69,81,4
69,82,6
69,83,4
69,84,9
69,85,9
69,86,1
69,87,2
69,88,1
69,90,9
69,91,9
69,92,5
69,93,2
69,94,4
69,95,3
69,96,6
69,97,4
69,98,3
69,99,5
70,0,2
70,1,7
70,2,6
70,3,6
70,4,1
70,5,1
70,6,2
70,7,3
70,8,7
70,9,2
70,10,6
70,11,3
70,13,3
70,14,8
70,15,2
70,16,6
70,17,7
70,18,5
70,19,5
70,20,8
70,21,3
70,22,6
70,23,9
70,24,6
70,25,7
70,26,5
70,27,6
70,28,7
70,29,6
70,30,8
70,31,5
70,33,7
70,34,5
70,35,9
70,36,7
70,37,6
70,38,5
70,39,2
70,40,4
70,41,3
70,43,7
70,44,9
70,45,9
70,46,4
70,47,1
70,48,6
70,49,4
70,50,3
70,51,6
70,52,6
70,53,9
70,54,2
70,55,5
70,56,4
70,57,6
70,58,4
70,59,9
70,60,9
70,61,8
70,62,8
70,63,7
70,64,4
70,65,5
70,66,6
70,67,2
70,68,6
70,69,2
70,70,6
70,72,7
70,73,4
70,74,6
70,75,2
70,76,1
70,77,2
70,78,6
70,79,7
70,80,5
70,82,7
70,83,1
70,84,9
70,85,7
70,86,7
70,87,5
70,88,4
70,89,4
70,90,3
70,91,5
70,92,7
70,93,1
70,94,3
70,95,2
70,96,6
70,97,9
70,98,5
70,99,5
71,0,3
71,3,5
71,4,6
71,5,3
71,6,4
71,7,6
71,9,4
71,10,9
71,11,5
71,12,3
71,15,3
71,16,6
71,17,4
71,18,8
71,19,5
71,22,9
71,23,9
71,24,5
71,25,1
71,26,6
71,27,4
71,28,7
71,30,6
71,31,7
71,32,9
71,33,9
71,34,1
71,35,5
71,37,1
71,38,5
71,39,2
71,40,4
71,41,6
71,42,4
71,44,7
71,46,7
71,47,2
71,48,3
71,49,2
71,50,8
71,51,8
71,52,1
71,53,2
71,55,9
71,56,6
71,57,8
71,59,3
71,60,2
71,61,2
71,62,3
71,63,7
71,64,9
71,65,8
71,66,8
71,67,5
71,68,1
71,69,2
71,70,7
71,72,6
71,74,5
71,76,4
71,77,4
71,78,6
71,79,2
71,80,9
71,81,7
71,82,2
71,83,9
71,84,8
71,85,4
71,86,4
71,87,2
71,88,7
71,89,1
71,90,9
71,92,6
71,93,6
71,94,1
71,97,1
71,98,6
71,99,3
72,0,9
72,1,9
72,2,1
72,3,6
72,4,1
72,5,4
72,6,8
72,8,6
72,9,8
72,10,6
72,11,3
72,12,7
72,13,9
72,14,7
72,15,7
72,16,6
72,17,4
72,18,6
72,19,4
72,20,1
72,22,1
72,23,7
72,25,7
72,26,4
72,28,1
72,30,5
72,31,8
72,32,3
72,33,2
72,34,4
72,35,7
72,37,4
72,38,6
72,39,3
72,40,9
72,42,5
72,43,1
72,44,8
72,45,9
72,46,8
72,47,1
72,48,1
72,49,6
72,50,9
72,51,8
72,52,1
72,53,8
72,54,1
72,55,2
72,56,8
72,57,3
72,58,4
72,59,9
72,61,1
72,62,4
72,63,8
72,64,1
72,65,1
72,66,2
72,67,9
72,68,8
72,69,4
72,70,5
72,71,6
72,72,4
72,73,9
72,74,9
72,75,1
72,76,4
72,77,6
72,78,6
72,79,2
72,80,3
72,81,6
72,82,7
72,84,3
72,85,7
72,86,5
72,88,8
72,89,7
72,91,9
72,92,2
72,93,4
72,94,5
72,95,3
72,96,9
72,97,6
72,98,5
72,99,4
73,0,3
73,1,4
73,2,8
73,3,1
73,4,2
73,5,2
73,6,6
73,8,7
73,9,8
73,11,2
73,12,6
73,13,1
73,14,9
73,15,9
73,16,1
73,17,8
73,18,8
73,19,1
73,20,6
73,21,4
73,22,6
73,23,2
73,24,8
73,25,8
73,26,8
73,27,6
73,29,1
73,30,7
73,31,9
73,32,5
73,33,9
73,34,8
73,35,6
73,36,9
73,37,7
73,38,5
73,39,6
73,40,5
73,41,2
73,42,5
73,44,7
73,45,1
73,46,9
73,47,3
73,48,8
73,51,3
73,52,2
73,53,3
73,54,1
73,55,5
73,56,9
73,57,5
73,58,2
73,59,2
73,60,4
73,62,3
73,64,5
73,65,2
73,66,4
73,67,1
73,68,6
73,69,4
73,70,1
73,71,6
73,73,1
73,74,3
73,75,9
73,76,8
73,77,9
73,79,4
73,80,8
73,82,2
73,83,9
73,84,9
73,85,2
73,86,7
73,87,6
73,88,8
73,89,8
73,90,2
73,91,7
73,92,5
73,93,7
73,94,6
73,95,7
73,96,1
73,97,6
73,98,1
73,99,2
74,0,8
74,2,6
74,3,6
74,4,2
74,6,7
74,7,4
74,8,7
74,9,3
74,10,1
74,13,9
74,14,9
74,15,4
74,16,3
74,18,9
74,19,4
74,20,2
74,21,3
74,22,9
74,23,1
74,24,1
74,26,2
74,27,9
74,28,3
74,29,6
74,30,8
74,31,9
74,32,4
74,33,8
74,34,1
74,35,2
74,36,2
74,37,9
74,38,1
74,39,6
74,41,3
74,43,3
74,44,1
74,45,6
74,46,5
74,48,3
74,49,3
74,50,9
74,52,4
74,53,9
74,54,3
74,55,6
74,56,3
74,57,8
74,58,2
74,59,3
74,60,7
74,61,9
74,62,4
74,64,2
74,65,6
74,66,3
74,67,8
74,68,7
74,69,5
74,70,9
74,71,7
74,72,4
74,73,4
74,75,6
74,76,5
74,77,7
74,78,4
74,79,8
74,80,8
74,82,8
74,83,9
74,84,7
74,85,5
74,86,7
74,87,6
74,88,3
74,90,4
74,91,1
74,92,9
74,93,3
74,94,2
74,95,3
74,96,9
74,97,8
74,98,6
74,99,2
75,1,5
75,2,2
75,3,4
75,4,9
75,5,7
75,6,1
75,7,5
75,8,8
75,9,7
75,10,2
75,11,7
75,12,1
75,13,5
75,14,3
75,15,1
75,16,4
75,17,7
75,18,6
75,20,5
75,21,5
75,22,5
75,23,3
75,24,4
75,25,1
75,26,5
75,27,4
75,28,6
75,29,2
75,30,9
75,31,4
75,32,9
75,33,9
75,34,5
75,36,9
75,37,5
75,38,4
75,39,4
75,40,6
75,41,3
75,42,8
75,43,9
75,44,1
75,46,3
75,47,2
75,48,6
75,49,2
75,51,5
75,52,2
75,53,3
75,54,5
75,55,3
75,56,2
75,57,2
75,58,7
75,59,4
75,60,1
75,61,3
75,62,9
75,63,9
75,65,1
75,66,1
75,67,8
75,68,4
75,69,7
75,70,3
75,71,5
75,72,8
75,73,8
75,74,1
75,75,8
75,76,2
75,77,8
75,78,9
75,79,4
75,80,7
75,81,2
75,83,7
75,85,2
75,86,3
75,87,4
75,88,1
75,89,2
75,90,7
75,91,1
75,92,6
75,93,5
75,94,7
75,95,3
75,96,4
75,97,3
75,98,8
75,99,2
76,0,4
76,1,2
76,3,4
76,4,4
76,5,5
76,6,3
76,7,7
76,8,7
76,9,1
76,10,4
76,11,7
76,12,5
76,13,9
76,14,2
76,15,8
76,16,8
76,17,7
76,18,1
76,19,2
76,20,7
76,21,5
76,22,3
76,23,1
76,24,7
76,25,7
76,26,7
76,28,6
76,29,6
76,30,8
76,31,7
76,32,2
76,33,6
76,34,7
76,35,7
76,36,9
76,37,2
76,38,4
76,39,7
76,41,6
76,42,7
76,43,6
76,44,7
76,46,3
76,47,5
76,48,6
76,49,4
76,50,1
76,51,7
76,52,2
76,53,6
76,54,4
76,56,7
76,57,9
76,58,6
76,59,5
76,60,6
76,62,8
76,63,7
76,64,5
76,66,5
76,67,4
76,68,3
76,69,3
76,70,1
76,71,3
76,72,4
76,74,9
76,76,3
76,77,2
76,78,2
76,80,3
76,82,4
76,83,8
76,84,1
76,85,3
76,86,7
76,87,1
76,88,7
76,89,7
76,90,1
76,91,1
76,92,7
76,93,3
76,94,3
76,95,3
76,96,8
76,97,1
76,98,1
77,0,3
77,1,4
77,2,7
77,3,8
77,4,2
77,5,8
77,6,4
77,7,5
77,8,9
77,9,5
77,10,2
77,11,7
77,12,5
77,13,4
77,14,3
77,15,6
77,16,5
77,18,7
77,20,1
77,21,1
77,22,4
77,23,6
77,24,7
77,25,1
77,26,6
77,27,5
77,28,5
77,30,1
77,31,3
77,32,3
77,33,4
77,34,8
77,35,3
77,36,1
77,37,5
77,38,3
77,39,8
77,40,9
77,41,6
77,43,7
77,44,2
77,46,5
77,47,4
77,49,5
77,50,6
77,51,1
77,52,6
77,53,4
77,54,1
77,55,4
77,56,7
77,57,3
77,58,5
77,59,4
77,60,9
77,61,1
77,62,5
77,63,5
77,64,3
77,65,3
77,66,3
77,67,4
77,68,2
77,69,1
77,71,1
77,72,8
77,73,8
77,74,2
77,75,2
77,76,2
77,77,1
77,78,3
77,79,2
77,80,2
77,81,9
77,82,5
77,83,5
77,84,2
77,85,9
77,86,5
77,88,3
77,89,4
77,90,2
77,91,4
77,93,9
77,94,4
77,97,7
77,98,6
77,99,8
78,0,1
78,1,7
78,2,4
78,3,3
78,4,2
78,5,1
78,7,4
78,8,2
78,9,1
78,10,5
78,12,6
78,13,6
78,14,3
78,15,8
78,16,8
78,18,2
78,19,2
78,20,3
78,23,7
78,24,5
78,25,7
78,26,3
78,27,7
78,28,6
78,29,9
78,30,9
78,31,3
78,32,6
78,34,1
78,35,8
78,36,7
78,37,6
78,38,8
78,40,2
78,41,3
78,42,9
78,43,1
78,44,1
78,45,9
78,46,5
78,47,3
78,48,2
78,50,4
78,52,4
78,53,5
78,55,2
78,56,6
78,57,9
78,58,1
78,59,8
78,60,2
78,61,9
78,62,5
78,63,7
78,64,1
78,65,1
78,66,8
78,67,1
78,68,5
78,69,1
78,70,4
78,71,1
78,73,2
78,74,4
78,75,3
78,76,4
78,77,7
78,78,6
78,79,5
78,81,8
78,82,1
78,83,2
78,84,4
78,86,7
78,87,2
78,90,3
78,91,3
78,92,7
78,93,5
78,94,1
78,95,7
78,96,7
78,97,5
78,98,9
78,99,4
79,0,7
79,1,3
79,2,5
79,3,9
79,4,5
79,5,8
79,6,2
79,7,5
79,9,3
79,10,7
79,11,1
79,13,2
79,14,9
79,16,9
79,17,4
79,18,3
79,19,1
79,20,3
79,21,6
79,22,1
79,23,9
79,24,8
79,25,4
79,26,2
79,27,1
79,28,4
79,29,4
79,30,3
79,31,6
79,32,6
79,33,2
79,34,1
79,35,7
79,36,9
79,37,2
79,38,7
79,39,1
79,40,3
79,41,5
79,42,8
79,43,3
79,44,6
79,45,6
79,46,6
79,47,4
79,48,1
79,49,5
79,50,6
79,51,9
79,52,4
79,53,5
79,54,9
79,55,7
79,56,3
79,57,9
79,58,2
79,59,4
79,60,6
79,61,5
79,62,7
79,63,3
79,64,3
79,65,6
79,66,6
79,67,9
79,68,7
79,69,6
79,70,3
79,71,4
79,72,3
79,73,2
79,75,5
79,76,5
79,77,4
79,78,8
79,80,9
79,81,9
79,82,8
79,83,1
79,84,4
79,85,3
79,87,3
79,88,6
79,89,8
79,90,2
79,91,3
79,92,6
79,94,4
79,95,8
79,96,8
79,97,3
79,98,8
79,99,9
80,0,6
80,1,2
80,2,9
80,4,8
80,5,7
80,6,5
80,7,7
80,8,6
80,9,8
80,10,9
80,11,1
80,12,2
80,13,8
80,14,3
80,15,2
80,16,5
80,17,6
80,18,2
80,20,2
80,22,3
80,23,9
80,24,4
80,25,5
80,26,3
80,27,1
80,28,3
80,29,1
80,30,9
80,32,9
80,33,5
80,34,2
80,35,1
80,36,3
80,37,5
80,38,7
80,40,9
80,42,3
80,43,2
80,44,7
80,45,8
80,46,3
80,47,7
80,48,3
80,49,4
80,50,9
80,51,5
80,53,3
80,54,8
80,55,6
80,57,4
80,58,5
80,59,8
80,60,9
80,61,5
80,62,2
80,63,5
80,64,6
80,65,8
80,66,6
80,67,4
80,69,1
80,71,8
80,72,6
80,73,2
80,75,5
80,76,9
80,77,2
80,78,1
80,80,3
80,81,6
80,82,8
80,84,1
80,86,3
80,87,3
80,88,2
80,89,5
80,90,6
80,91,6
80,92,6
80,93,2
80,94,1
80,95,6
80,96,2
80,97,3
80,98,7
80,99,4
81,0,2
81,1,7
81,2,9
81,3,1
81,5,3
81,6,3
81,8,1
81,9,6
81,10,6
81,11,7
81,12,1
81,14,6
81,15,8
81,16,1
81,17,5
81,18,7
81,19,5
81,20,3
81,21,1
81,22,8
81,24,9
81,25,8
81,27,9
81,28,1
81,29,4
81,30,8
81,31,5
81,32,1
81,33,5
81,34,2
81,36,5
81,38,7
81,39,4
81,40,9
81,41,4
81,42,4
81,43,5
81,44,7
81,45,1
81,46,5
81,47,1
81,48,6
81,49,4
81,50,5
81,51,8
81,52,2
81,54,1
81,55,5
81,56,4
81,57,3
81,58,1
81,59,1
81,60,7
81,61,9
81,62,5
81,63,5
81,64,7
81,65,1
81,66,6
81,67,2
81,68,6
81,69,9
81,70,9
81,71,5
81,72,7
81,73,3
81,75,8
81,76,5
81,77,6
81,78,4
81,79,9
81,80,6
81,81,2
81,82,3
81,83,9
81,84,5
81,85,5
81,86,5
81,87,8
81,88,3
81,90,7
81,93,6
81,94,4
81,95,1
81,96,9
81,97,6
81,99,2
82,0,4
82,1,2
82,2,6
82,3,1
82,4,9
82,5,1
82,6,5
82,7,8
82,8,5
82,9,6
82,10,5
82,11,7
82,12,7
82,13,5
82,14,1
82,15,4
82,16,7
82,17,3
82,18,2
82,19,7
82,20,1
82,21,8
82,22,9
82,23,2
82,24,4
82,25,3
82,26,7
82,27,3
82,28,9
82,29,2
82,30,7
82,31,2
82,32,2
82,33,7
82,35,3
82,36,6
82,37,6
82,38,6
82,39,2
82,40,2
82,41,1
82,42,4
82,43,7
82,44,5
82,45,9
82,46,3
82,47,3
82,49,5
82,50,6
82,51,5
82,52,9
82,53,3
82,54,5
82,55,6
82,56,4
82,57,8
82,58,9
82,59,7
82,60,2
82,61,1
82,62,5
82,63,4
82,64,3
82,65,2
82,66,2
82,67,5
82,68,2
82,69,5
82,70,1
82,71,4
82,72,2
82,73,4
82,74,9
82,75,9
82,76,4
82,77,6
82,78,6
82,79,2
82,80,2
82,81,2
82,82,8
82,83,9
82,84,8
82,85,1
82,86,5
82,87,9
82,88,8
82,89,8
82,90,6
82,91,5
82,92,4
82,94,7
82,95,8
82,97,8
82,98,8
82,99,8
83,0,1
83,1,2
83,2,7
83,3,4
83,5,3
83,6,3
83,7,1
83,8,3
83,9,9
83,10,4
83,11,3
83,12,2
83,13,1
83,14,4
83,15,8
83,16,2
83,17,1
83,18,9
83,19,2
83,20,8
83,21,3
83,22,2
83,23,7
83,24,8
83,25,4
83,26,8
83,27,4
83,28,3
83,30,8
83,31,5
83,32,9
83,33,9
83,34,5
83,35,6
83,36,8
83,37,7
83,38,6
83,39,3
83,41,9
83,42,2
83,43,9
83,44,5
83,45,1
83,46,1
83,47,3
83,48,2
83,49,8
83,50,2
83,51,6
83,52,8
83,53,5
83,54,3
83,55,1
83,56,3
83,57,7
83,58,3
83,59,7
83,60,6
83,61,3
83,62,4
83,63,4
83,65,4
83,66,9
83,67,2
83,69,9
83,71,6
83,72,8
83,73,4
83,74,6
83,75,7
83,77,6
83,78,9
83,79,3
83,80,8
83,81,8
83,83,1
83,84,5
83,85,2
83,87,4
83,88,8
83,89,5
83,90,5
83,91,7
83,92,2
83,93,8
83,94,7
83,95,7
83,96,5
83,97,4
83,98,8
83,99,2
84,0,8
84,1,1
84,2,4
84,3,8
84,4,5
84,5,5
84,6,7
84,7,7
84,8,9
84,10,5
84,11,8
84,14,1
84,15,8
84,16,6
84,17,4
84,19,4
84,20,6
84,21,9
84,22,9
84,23,9
84,24,6
84,25,2
84,26,8
84,27,4
84,28,5
84,29,8
84,30,6
84,31,9
84,32,4
84,33,8
84,34,8
84,35,2
84,36,9
84,37,6
84,38,2
84,39,3
84,40,5
84,41,9
84,42,7
84,44,8
84,45,6
84,47,1
84,49,1
84,50,8
84,51,9
84,52,3
84,53,3
84,54,3
84,55,4
84,56,5
84,57,4
84,58,5
84,59,4
84,60,7
84,61,1
84,62,9
84,63,7
84,64,2
84,65,6
84,66,2
84,67,1
84,68,3
84,69,8
84,70,6
84,71,7
84,72,1
84,73,1
84,74,6
84,75,3
84,76,7
84,77,8
84,78,4
84,79,1
84,80,1
84,81,2
84,82,7
84,83,5
84,84,7
84,85,2
84,86,4
84,87,8
84,88,3
84,89,7
84,90,8
84,91,2
84,92,8
84,93,2
84,94,2
84,95,5
84,96,1
84,97,4
84,99,2
85,1,8
85,2,1
85,3,1
85,4,6
85,5,4
85,6,9
85,7,9
85,8,8
85,9,3
85,10,3
85,12,8
85,13,1
85,15,2
85,16,2
85,17,7
85,18,5
85,19,8
85,20,8
85,21,1
85,22,4
85,23,3
85,24,1
85,25,4
85,26,2
85,27,3
85,28,1
85,29,2
85,30,9
85,32,4
85,33,8
85,35,1
85,37,2
85,38,1
85,39,8
85,40,3
85,41,9
85,42,3
85,43,8
85,44,1
85,45,1
85,46,2
85,48,5
85,49,6
85,50,7
85,52,9
85,53,9
85,54,8
85,55,5
85,56,1
85,57,5
85,58,8
85,59,4
85,60,8
85,61,7
85,62,4
85,63,2
85,64,3
85,65,6
85,66,9
85,67,2
85,68,5
85,69,9
85,70,5
85,71,5
85,73,7
85,74,4
85,75,5
85,77,3
85,78,8
85,79,1
85,81,6
85,82,3
85,83,8
85,84,6
85,86,6
85,87,6
85,90,8
85,91,3
85,93,3
85,94,1
85,95,9
85,96,9
85,97,8
85,98,2
85,99,2
86,0,8
86,1,5
86,3,8
86,5,9
86,6,2
86,7,2
86,8,9
86,9,5
86,10,8
86,12,2
86,15,5
86,16,6
86,17,4
86,19,9
86,20,4
86,21,7
86,22,8
86,23,5
86,24,1
86,25,3
86,26,1
86,28,9
86,29,8
86,30,4
86,31,3
86,34,1
86,36,8
86,37,6
86,38,6
86,39,1
86,40,2
86,41,1
86,42,6
86,43,1
86,44,2
86,45,1
86,46,7
86,47,3
86,48,1
86,49,4
86,50,1
86,51,2
86,52,4
86,53,3
86,54,4
86,55,5
86,56,8
86,57,1
86,58,9
86,59,8
86,60,2
86,61,6
86,62,4
86,63,5
86,65,3
86,66,3
86,67,2
86,68,9
86,69,1
86,70,1
86,71,5
86,72,6
86,73,9
86,74,1
86,75,1
86,76,7
86,77,3
86,78,1
86,79,2
86,80,6
86,81,2
86,82,4
86,83,1
86,84,6
86,85,1
86,86,9
86,87,7
86,88,8
86,89,7
86,90,6
86,91,8
86,92,8
86,93,2
86,94,6
86,95,5
86,97,5
86,98,1
87,0,7
87,1,2
87,2,5
87,3,3
87,5,7
87,8,6
87,9,8
87,10,1
87,11,7
87,12,8
87,13,7
87,14,9
87,15,3
87,16,6
87,17,9
87,18,4
87,19,2
87,21,5
87,22,6
87,23,6
87,24,2
87,25,6
87,26,4
87,27,1
87,28,4
87,29,9
87,30,5
87,31,8
87,33,4
87,34,7
87,35,4
87,36,5
87,37,4
87,38,2
87,39,1
87,40,6
87,42,1
87,43,2
87,44,9
87,45,9
87,46,4
87,47,6
87,48,1
87,49,5
87,50,9
87,51,9
87,52,8
87,53,5
87,55,5
87,56,7
87,57,2
87,58,4
87,59,1
87,60,3
87,61,6
87,62,8
87,63,2
87,64,1
87,65,1
87,66,1
87,67,2
87,68,6
87,69,4
87,71,1
87,72,9
87,73,3
87,74,6
87,75,5
87,76,6
87,77,8
87,78,8
87,79,3
87,80,9
87,81,3
87,82,5
87,83,3
87,84,6
87,85,4
87,86,8
87,87,2
87,88,4
87,89,9
87,90,9
87,91,6
87,93,4
87,94,3
87,95,4
87,96,1
87,97,6
87,98,8
88,1,1
88,2,2
88,3,9
88,5,1
88,6,8
88,8,9
88,9,6
88,10,8
88,11,1
88,12,8
88,13,9
88,14,7
88,15,9
88,16,8
88,17,6
88,18,2
88,19,9
88,20,4
88,21,4
88,23,6
88,25,8
88,26,9
88,27,6
88,28,6
88,30,7
88,31,4
88,33,8
88,34,3
88,35,3
88,36,1
88,37,6
88,38,5
88,39,8
88,40,2
88,41,3
88,42,6
88,44,6
88,45,2
88,46,5
88,48,7
88,49,5
88,50,7
88,51,8
88,52,9
88,53,7
88,54,3
88,56,1
88,57,1
88,58,9
88,59,6
88,60,9
88,61,5
88,62,3
88,63,2
88,64,1
88,65,2
88,66,4
88,67,6
88,68,7
88,69,6
88,70,8
88,71,2
88,72,4
88,73,3
88,74,8
88,75,2
88,76,1
88,77,6
88,79,8
88,80,4
88,81,8
88,82,5
88,83,6
88,85,3
88,86,1
88,87,8
88,88,4
88,89,3
88,90,7
88,91,1
88,93,3
88,94,4
88,95,1
88,96,1
88,97,8
88,98,9
89,0,1
89,1,4
89,2,2
89,3,3
89,4,4
89,5,6
89,6,2
89,8,7
89,10,2
89,11,4
89,12,7
89,14,6
89,15,7
89,16,1
89,17,6
89,18,5
89,19,1
89,20,1
89,21,9
89,22,1
89,23,8
89,24,1
89,25,5
89,26,4
89,27,3
89,28,9
89,29,2
89,30,8
89,31,1
89,32,6
89,33,4
89,34,2
89,35,1
89,36,7
89,37,6
89,38,7
89,39,8
89,40,5
89,41,4
89,43,7
89,44,8
89,45,7
89,46,4
89,47,9
89,48,4
89,49,6
89,50,7
89,51,7
89,52,1
89,55,6
89,56,7
89,57,2
89,59,5
89,60,8
89,61,3
89,62,3
89,63,2
89,64,2
89,65,2
89,66,1
89,67,9
89,68,7
89,69,5
89,70,9
89,71,8
89,72,2
89,73,2
89,74,4
89,75,3
89,76,5
89,78,1
89,79,6
89,80,9
89,81,1
89,82,7
89,83,1
89,84,8
89,85,7
89,88,8
89,89,6
89,90,8
89,91,8
89,92,9
89,93,2
89,94,3
89,95,9
89,96,6
89,97,3
89,98,8
89,99,7
90,0,6
90,1,2
90,2,6
90,3,2
90,4,3
90,5,6
90,6,5
90,7,9
90,8,2
90,9,7
90,10,9
90,11,9
90,12,8
90,13,8
90,14,2
90,15,2
90,17,3
90,18,6
90,19,9
90,20,8
90,21,4
90,22,7
90,23,6
90,24,1
90,25,4
90,27,5
90,28,5
90,29,5
90,30,7
90,31,7
90,32,1
90,33,3
90,34,7
90,35,7
90,36,4
90,38,4
90,39,6
90,40,5
90,41,2
90,42,1
90,44,2
90,45,5
90,46,6
90,47,5
90,50,5
90,51,2
90,52,2
90,54,2
90,55,8
90,56,9
90,57,5
90,58,1
90,59,5
90,60,8
90,61,5
90,62,2
90,63,7
90,64,4
90,65,5
90,66,7
90,67,7
90,68,1
90,69,9
90,71,5
90,72,3
90,73,6
90,74,2
90,75,7
90,76,5
90,77,7
90,78,8
90,79,9
90,80,6
90,81,2
90,82,2
90,83,7
90,84,7
90,85,2
90,86,8
90,87,6
90,88,2
90,89,9
90,90,2
90,92,8
90,94,6
90,95,3
90,96,3
90,97,4
90,98,1
90,99,6
91,0,6
91,1,4
91,2,5
91,3,2
91,5,9
91,6,9
91,7,3
91,8,6
91,9,2
91,10,1
91,11,3
91,12,1
91,13,9
91,14,6
91,15,3
91,16,1
91,17,4
91,18,6
91,19,2
91,20,1
91,21,1
91,22,5
91,23,5
91,24,4
91,25,9
91,26,3
91,28,5
91,29,2
91,30,6
91,31,9
91,32,9
91,33,4
91,34,1
91,35,9
91,36,4
91,37,4
91,38,1
91,39,6
91,40,1
91,42,6
91,43,9
91,44,4
91,45,7
91,46,7
91,47,2
91,48,8
91,49,1
91,50,1
91,51,6
91,52,5
91,53,7
91,54,6
91,55,8
91,56,1
91,57,1
91,58,7
91,59,5
91,61,1
91,62,5
91,63,5
91,64,4
91,65,4
91,67,8
91,68,4
91,69,9
91,70,6
91,71,4
91,72,7
91,73,8
91,74,8
91,75,7
91,76,6
91,77,4
91,78,6
91,79,9
91,80,7
91,81,1
91,82,5
91,83,5
91,84,4
91,85,8
91,86,9
91,87,6
91,89,7
91,91,4
91,92,5
91,93,1
91,94,2
91,95,4
91,96,6
91,97,1
91,98,6
91,99,5
92,0,6
92,1,8
92,2,2
92,3,6
92,5,5
92,6,4
92,7,1
92,8,9
92,9,4
92,10,3
92,11,8
92,12,3
92,13,8
92,14,8
92,16,3
92,17,8
92,18,7
92,19,6
92,20,7
92,21,5
92,22,5
92,23,5
92,24,8
92,25,1
92,26,1
92,27,8
92,28,7
92,29,1
92,31,9
92,32,4
92,34,1
92,35,4
92,36,2
92,37,6
92,38,5
92,39,2
92,40,5
92,41,2
92,43,5
92,44,6
92,45,3
92,46,2
92,47,1
92,48,6
92,49,8
92,50,8
92,51,6
92,52,1
92,53,2
92,54,3
92,55,5
92,56,1
92,57,5
92,58,3
92,59,8
92,60,5
92,61,5
92,62,1
92,63,1
92,64,8
92,65,1
92,66,3
92,67,3
92,68,4
92,69,1
92,70,5
92,71,4
92,72,4
92,73,8
92,74,1
92,75,5
92,76,8
92,77,5
92,78,5
92,79,5
92,80,5
92,81,9
92,82,2
92,83,7
92,85,5
92,86,8
92,87,9
92,88,4
92,89,8
92,90,4
92,91,8
92,92,8
92,93,7
92,96,2
92,97,7
92,98,8
92,99,8
93,0,7
93,1,3
93,2,7
93,3,5
93,4,3
93,5,2
93,6,1
93,7,6
93,8,8
93,9,6
93,10,6
93,11,1
93,12,1
93,13,9
93,14,3
93,15,2
93,17,6
93,18,7
93,19,3
93,20,2
93,21,6
93,22,1
93,23,3
93,24,5
93,25,3
93,26,1
93,28,6
93,29,2
93,30,8
93,31,1
93,32,8
93,34,8
93,35,6
93,36,6
93,37,5
93,38,1
93,39,4
93,40,4
93,41,7
93,42,9
93,43,2
93,44,9
93,45,3
93,46,4
93,47,3
93,48,4
93,49,2
93,50,4
93,51,3
93,52,8
93,53,7
93,54,5
93,55,1
93,56,7
93,57,7
93,58,4
93,60,6
93,61,1
93,62,6
93,63,6
93,64,8
93,65,5
93,66,2
93,67,1
93,68,9
93,69,4
93,70,3
93,71,1
93,72,5
93,73,4
93,74,6
93,76,5
93,77,2
93,78,6
93,79,9
93,80,9
93,81,9
93,82,3
93,83,8
93,84,3
93,85,1
93,87,6
93,88,6
93,89,9
93,90,4
93,91,3
93,92,9
93,94,8
93,95,8
93,96,8
93,97,6
93,98,1
93,99,9
94,0,1
94,1,2
94,2,3
94,3,4
94,4,3
94,5,4
94,6,9
94,8,3
94,9,3
94,10,9
94,11,2
94,12,8
94,13,2
94,14,4
94,15,8
94,16,6
94,17,1
94,18,2
94,19,4
94,21,1
94,22,7
94,23,8
94,24,1
94,25,4
94,26,8
94,27,4
94,28,5
94,29,2
94,30,8
94,31,6
94,32,2
94,33,2
94,34,4
94,35,3
94,36,6
94,38,7
94,40,9
94,41,2
94,42,4
94,43,7
94,44,4
94,45,9
94,46,6
94,47,8
94,50,3
94,51,9
94,52,9
94,53,9
94,54,5
94,55,6
94,56,4
94,57,1
94,58,2
94,59,5
94,60,6
94,61,7
94,62,1
94,63,4
94,64,2
94,65,9
94,66,1
94,67,1
94,68,7
94,69,3
94,70,1
94,71,3
94,72,9
94,74,2
94,75,8
94,76,3
94,77,3
94,78,7
94,79,4
94,80,9
94,81,9
94,82,7
94,83,5
94,84,9
94,85,2
94,87,9
94,88,8
94,89,9
94,90,7
94,91,4
94,92,8
94,93,7
94,94,9
94,95,1
94,96,9
94,97,1
94,98,5
94,99,1
95,0,6
95,2,5
95,3,9
95,4,4
95,5,5
95,6,1
95,7,3
95,9,5
95,10,7
95,11,8
95,12,6
95,13,8
95,14,8
95,15,5
95,16,7
95,17,2
95,20,7
95,21,5
95,22,3
95,24,3
95,25,7
95,26,1
95,27,5
95,28,7
95,29,5
95,30,9
95,31,2
95,32,7
95,33,3
95,34,3
95,35,1
95,36,2
95,37,9
95,39,6
95,40,5
95,41,2
95,42,5
95,43,8
95,44,9
95,45,1
95,46,2
95,47,4
95,48,2
95,49,8
95,50,9
95,51,2
95,52,8
95,53,1
95,54,4
95,56,4
95,58,8
95,59,7
95,60,6
95,61,6
95,62,3
95,64,1
95,65,8
95,68,6
95,69,9
95,70,5
95,71,8
95,72,6
95,73,3
95,74,2
95,75,2
95,76,7
95,78,7
95,79,1
95,80,3
95,81,2
95,82,7
95,83,9
95,84,5
95,85,5
95,86,6
95,87,3
95,88,5
95,89,1
95,90,6
95,91,2
95,92,2
95,93,5
95,94,1
95,95,3
95,96,2
95,97,6
95,98,4
95,99,5
96,0,1
96,1,1
96,2,4
96,4,3
96,5,3
96,7,1
96,8,9
96,9,9
96,10,3
96,11,8
96,12,1
96,13,9
96,14,3
96,15,9
96,16,7
96,17,3
96,18,7
96,19,4
96,20,3
96,21,3
96,22,5
96,23,1
96,24,6
96,25,8
96,26,8
96,27,2
96,29,7
96,31,5
96,32,8
96,33,8
96,34,5
96,35,2
96,36,7
96,37,6
96,38,7
96,39,7
96,40,5
96,41,8
96,42,2
96,43,7
96,45,4
96,46,8
96,47,9
96,48,4
96,49,5
96,50,1
96,51,8
96,52,3
96,53,8
96,54,3
96,55,7
96,56,1
96,57,4
96,58,4
96,59,6
96,60,3
96,61,4
96,62,3
96,63,3
96,64,8
96,65,2
96,66,5
96,67,2
96,68,3
96,69,2
96,70,8
96,71,3
96,72,5
96,73,9
96,74,8
96,75,4
96,76,7
96,77,3
96,78,1
96,79,9
96,80,4
96,81,6
96,82,4
96,83,6
96,84,7
96,85,7
96,86,9
96,87,9
96,88,2
96,89,4
96,90,1
96,91,9
96,92,1
96,93,5
96,94,8
96,95,1
96,96,9
96,97,3
96,98,9
96,99,8
97,1,4
97,2,9
97,3,9
97,4,2
97,5,7
97,6,9
97,7,7
97,8,6
97,9,2
97,10,1
97,11,3
97,12,8
97,13,6
97,14,8
97,15,5
97,16,4
97,17,4
97,18,4
97,19,4
97,20,6
97,21,7
97,22,3
97,23,2
97,24,2
97,25,5
97,26,9
97,27,7
97,28,6
97,29,3
97,30,6
97,31,1
97,32,7
97,33,5
97,34,3
97,35,4
97,36,5
97,37,8
97,38,9
97,39,8
97,40,2
97,41,8
97,42,6
97,43,2
97,44,5
97,45,7
97,47,1
97,48,7
97,49,6
97,50,9
97,51,9
97,52,9
97,53,3
97,54,4
97,55,5
97,56,7
97,57,8
97,58,5
97,59,9
97,60,2
97,61,3
97,62,4
97,63,8
97,64,8
97,65,8
97,66,5
97,67,9
97,68,4
97,69,4
97,70,1
97,71,9
97,72,3
97,73,2
97,74,5
97,75,6
97,76,1
97,77,7
97,78,9
97,79,1
97,80,6
97,81,7
97,83,8
97,85,9
97,86,8
97,87,3
97,88,9
97,89,9
97,90,2
97,91,9
97,93,3
97,94,4
97,95,7
97,96,5
97,97,5
97,98,2
97,99,4
98,0,9
98,1,6
98,2,4
98,3,9
98,4,5
98,5,9
98,6,3
98,7,7
98,8,8
98,9,6
98,10,9
98,11,2
98,12,4
98,13,1
98,14,7
98,15,6
98,16,5
98,17,2
98,18,2
98,20,8
98,21,3
98,22,1
98,23,6
98,24,8
98,25,3
98,26,7
98,27,7
98,28,1
98,29,9
98,30,5
98,31,5
98,32,2
98,34,9
98,36,8
98,37,8
98,38,1
98,39,5
98,40,9
98,41,8
98,42,7
98,43,8
98,44,1
98,46,5
98,47,7
98,48,6
98,49,7
98,50,6
98,51,3
98,52,3
98,53,2
98,54,2
98,56,5
98,57,1
98,58,8
98,59,7
98,60,6
98,61,6
98,62,5
98,63,8
98,64,1
98,66,9
98,67,9
98,68,7
98,69,8
98,70,7
98,71,6
98,72,8
98,73,6
98,74,6
98,75,6
98,77,8
98,78,7
98,79,6
98,80,9
98,81,7
98,82,6
98,83,9
98,84,4
98,85,6
98,86,7
98,88,3
98,89,9
98,90,5
98,91,9
98,92,5
98,93,7
98,94,1
98,95,7
98,96,1
98,97,1
98,98,6
98,99,3
99,0,7
99,1,3
99,2,4
99,3,8
99,4,8
99,5,1
99,6,5
99,7,7
99,8,4
99,9,9
99,10,5
99,11,9
99,12,2
99,13,2
99,14,1
99,15,7
99,16,9
99,17,8
99,18,7
99,19,9
99,20,4
99,21,3
99,22,4
99,23,8
99,24,7
99,25,5
99,26,6
99,27,3
99,28,3
99,29,5
99,30,9
99,31,8
99,32,9
99,34,8
99,35,7
99,36,2
99,37,1
99,38,8
99,39,4
99,40,5
99,41,6
99,42,7
99,43,4
99,44,3
99,45,3
99,46,1
99,47,5
99,48,6
99,49,6
99,50,5
99,51,6
99,52,7
99,53,9
99,54,8
99,55,2
99,56,9
99,57,6
99,58,9
99,59,1
99,60,9
99,61,5
99,62,2
99,63,5
99,65,8
99,66,8
99,67,5
99,68,6
99,69,8
99,71,3
99,72,3
99,73,7
99,74,3
99,75,4
99,76,5
99,77,3
99,78,2
99,79,7
99,80,8
99,81,4
99,82,3
99,83,1
99,84,3
99,85,4
99,88,4
99,89,3
99,91,3
99,92,1
99,93,4
99,94,3
99,95,7
99,96,6
99,97,6
99,99,6
