0,0,9
0,1,9
0,2,6
0,3,9
0,4,2
0,7,4
0,8,6
0,9,8
0,10,9
0,11,7
0,12,6
0,13,3
0,14,2
0,16,9
0,17,5
0,18,7
0,19,6
0,20,6
0,21,1
0,23,8
0,24,4
0,25,8
0,26,7
0,28,8
0,29,7
0,30,9
0,31,6
0,32,7
0,33,9
0,34,3
0,35,6
0,36,3
0,37,8
0,38,3
0,39,3
0,40,6
0,41,5
0,42,6
0,43,5
0,44,4
0,45,9
0,46,5
0,47,2
0,48,1
0,49,1
0,50,4
0,51,6
0,52,7
0,53,4
0,54,7
0,55,8
0,56,4
0,57,2
0,59,5
0,60,3
0,61,8
0,62,1
0,63,3
0,64,9
0,65,8
0,66,3
0,67,4
0,68,5
0,69,1
0,70,2
0,71,4
0,72,1
0,73,9
0,74,8
0,75,2
0,77,7
0,78,6
0,79,4
0,80,1
0,81,3
0,82,8
0,83,5
0,84,8
0,85,9
0,86,4
0,87,4
0,89,2
0,90,7
0,91,1
0,92,6
0,93,2
0,94,9
0,95,9
0,96,1
0,97,4
0,98,5
0,99,5
1,1,9
1,2,4
1,3,6
1,4,1
1,5,4
1,6,3
1,7,1
1,8,4
1,10,9
1,11,3
1,12,8
1,13,7
1,15,6
1,16,4
1,17,8
1,18,3
1,19,5
1,20,2
1,21,9
1,24,7
1,25,6
1,26,3
1,27,4
1,28,1
1,29,1
1,30,5
1,32,6
1,33,3
1,34,5
1,35,6
1,36,8
1,37,1
1,38,9
1,39,9
1,40,3
1,41,3
1,42,4
1,43,7
1,44,7
1,46,1
1,47,3
1,48,5
1,49,9
1,50,7
1,51,3
1,52,2
1,53,4
1,54,8
1,55,3
1,56,5
1,58,2
1,59,5
1,61,2
1,62,6
1,63,1
1,64,2
1,65,7
1,66,2
1,67,3
1,68,7
1,69,7
1,70,3
1,71,6
1,72,7
1,73,8
1,74,8
1,75,6
1,76,3
1,77,2
1,78,1
1,79,3
1,80,1
1,81,3
1,82,9
1,84,7
1,85,5
1,86,3
1,87,5
1,88,5
1,89,2
1,90,5
1,91,4
1,92,6
1,93,1
1,95,4
1,96,2
1,98,8
1,99,8
2,0,1
2,1,1
2,2,2
2,3,1
2,4,7
2,5,2
2,6,1
2,7,6
2,8,4
2,9,9
2,11,5
2,12,2
2,13,6
2,14,5
2,15,9
2,16,4
2,17,7
2,18,7
2,19,7
2,20,2
2,21,2
2,23,1
2,24,6
2,26,5
2,27,9
2,28,3
2,29,5
2,30,4
2,31,6
2,32,9
2,33,5
2,34,3
2,35,3
2,37,1
2,38,2
2,39,4
2,40,8
2,41,3
2,42,3
2,43,7
2,44,7
2,45,2
2,46,4
2,47,5
2,48,4
2,49,4
2,50,4
2,51,6
2,52,8
2,53,9
2,54,7
2,55,6
2,57,5
2,58,5
2,59,3
2,60,9
2,61,7
2,62,7
2,64,4
2,65,7
2,66,3
2,67,5
2,68,2
2,69,5
2,70,3
2,71,7
2,72,6
2,74,3
2,75,2
2,76,2
2,77,4
2,79,3
2,80,5
2,81,1
2,82,6
2,83,2
2,84,9
2,85,4
2,89,1
2,90,1
2,91,5
2,92,8
2,93,8
2,94,4
2,95,8
2,96,4
2,97,3
2,98,7
3,0,7
3,1,7
3,2,6
3,3,2
3,5,6
3,6,8
3,7,6
3,8,9
3,9,5
3,10,5
3,12,1
3,13,7
3,14,1
3,15,1
3,16,6
3,17,5
3,18,1
3,19,1
3,20,7
3,21,7
3,22,2
3,23,4
3,24,6
3,25,4
3,26,5
3,27,5
3,29,3
3,31,9
3,32,9
3,33,6
3,34,2
3,35,5
3,37,9
3,38,9
3,39,4
3,40,6
3,41,4
3,42,1
3,43,9
3,45,4
3,46,2
3,47,6
3,49,7
3,50,9
3,51,1
3,52,2
3,53,8
3,54,8
3,55,5
3,56,1
3,57,1
3,58,2
3,59,9
3,60,2
3,61,5
3,62,3
3,63,1
3,64,2
3,65,6
3,66,6
3,67,1
3,68,7
3,69,2
3,70,8
3,71,6
3,72,1
3,73,5
3,74,4
3,75,4
3,76,8
3,77,9
3,78,5
3,79,1
3,80,2
3,81,6
3,82,4
3,83,7
3,84,6
3,86,2
3,87,9
3,88,6
3,89,6
3,90,3
3,92,7
3,93,5
3,94,3
3,95,5
3,96,2
3,97,9
3,98,1
4,0,8
4,1,3
4,2,2
4,3,3
4,4,5
4,5,5
4,6,5
4,7,9
4,8,2
4,9,7
4,10,6
4,11,2
4,12,1
4,13,2
4,14,4
4,15,6
4,16,7
4,17,1
4,18,5
4,19,2
4,20,8
4,21,7
4,23,7
4,24,4
4,25,7
4,26,5
4,27,9
4,28,7
4,30,5
4,31,4
4,32,9
4,33,9
4,34,1
4,35,8
4,36,6
4,37,6
4,38,3
4,39,3
4,40,1
4,41,6
4,42,4
4,43,8
4,45,9
4,47,3
4,48,9
4,50,6
4,51,8
4,52,4
4,53,3
4,54,4
4,55,1
4,57,8
4,58,8
4,59,6
4,60,9
4,61,3
4,62,7
4,63,3
4,64,9
4,65,8
4,66,1
4,67,3
4,68,8
4,69,3
4,70,6
4,71,2
4,72,6
4,73,2
4,74,7
4,75,3
4,76,2
4,77,5
4,78,6
4,79,7
4,81,5
4,82,6
4,83,6
4,84,2
4,85,5
4,86,8
4,87,6
4,88,4
4,89,1
4,90,4
4,91,3
4,92,4
4,93,3
4,94,3
4,95,5
4,96,1
4,97,8
4,98,2
4,99,3
5,0,8
5,1,5
5,2,2
5,3,7
5,4,4
5,5,5
5,6,7
5,7,5
5,8,5
5,9,6
5,10,1
5,11,7
5,12,7
5,13,8
5,14,7
5,15,3
5,16,7
5,17,9
5,18,4
5,19,1
5,20,8
5,21,8
5,22,4
5,23,4
5,24,6
5,26,1
5,27,2
5,28,1
5,29,3
5,30,6
5,31,6
5,32,1
5,33,3
5,34,2
5,36,8
5,37,4
5,38,5
5,39,9
5,40,4
5,41,9
5,42,9
5,43,5
5,44,3
5,45,8
5,46,1
5,47,4
5,48,1
5,49,2
5,51,6
5,52,1
5,53,1
5,55,6
5,56,9
5,57,3
5,58,5
5,59,9
5,60,7
5,61,3
5,62,4
5,63,5
5,64,3
5,65,3
5,66,3
5,67,3
5,68,2
5,69,7
5,70,3
5,71,6
5,72,8
5,74,9
5,75,1
5,76,6
5,78,2
5,79,8
5,80,2
5,81,5
5,82,1
5,83,8
5,84,5
5,85,3
5,86,8
5,87,4
5,88,1
5,89,5
5,90,9
5,91,5
5,92,6
5,93,6
5,94,7
5,95,7
5,96,1
5,98,1
5,99,3
6,0,5
6,1,9
6,2,4
6,3,5
6,4,5
6,5,2
6,6,4
6,8,1
6,9,2
6,10,3
6,11,8
6,12,1
6,13,8
6,14,8
6,15,3
6,16,2
6,17,1
6,18,5
6,19,5
6,20,3
6,21,4
6,22,4
6,23,7
6,24,9
6,25,4
6,26,9
6,27,7
6,29,8
6,30,1
6,31,8
6,32,4
6,33,6
6,34,7
6,35,1
6,37,5
6,38,9
6,39,5
6,40,2
6,41,1
6,43,9
6,44,5
6,45,8
6,46,7
6,47,7
6,48,9
6,49,9
6,50,5
6,51,2
6,53,9
6,54,8
6,55,1
6,56,2
6,57,9
6,59,5
6,60,5
6,61,4
6,62,6
6,63,6
6,64,7
6,65,8
6,66,7
6,67,2
6,68,5
6,69,7
6,70,3
6,71,6
6,72,1
6,73,6
6,74,1
6,75,5
6,77,2
6,78,6
6,79,3
6,80,1
6,81,3
6,82,1
6,83,6
6,84,5
6,85,3
6,87,2
6,88,4
6,89,5
6,90,9
6,91,5
6,92,4
6,93,2
6,94,1
6,95,3
6,96,1
6,97,8
6,98,2
6,99,6
7,0,6
7,1,2
7,2,5
7,3,1
7,4,3
7,5,2
7,6,3
7,7,5
7,8,2
7,9,9
7,10,7
7,11,7
7,13,6
7,14,7
7,16,3
7,17,6
7,19,5
7,20,2
7,21,7
7,22,6
7,23,5
7,24,7
7,25,8
7,26,1
7,27,8
7,28,9
7,29,9
7,30,7
7,31,3
7,32,9
7,33,9
7,34,2
7,35,6
7,36,4
7,37,7
7,39,6
7,40,3
7,41,5
7,43,7
7,44,9
7,45,6
7,46,4
7,47,9
7,48,8
7,50,2
7,51,7
7,52,1
7,53,1
7,54,4
7,55,3
7,56,5
7,57,8
7,58,4
7,59,7
7,60,3
7,61,7
7,62,8
7,64,2
7,65,7
7,66,4
7,67,4
7,68,6
7,69,4
7,70,2
7,71,6
7,72,8
7,73,2
7,74,7
7,76,6
7,78,9
7,79,7
7,80,8
7,82,3
7,83,2
7,84,1
7,85,5
7,87,1
7,88,6
7,89,4
7,90,9
7,91,3
7,92,1
7,93,4
7,94,7
7,95,8
7,96,5
7,98,1
7,99,9
8,0,5
8,1,8
8,2,4
8,3,5
8,4,3
8,5,2
8,6,2
8,7,2
8,9,6
8,10,9
8,11,6
8,12,4
8,13,6
8,14,4
8,15,3
8,18,3
8,19,6
8,20,5
8,21,6
8,22,7
8,24,9
8,25,5
8,26,2
8,27,5
8,28,8
8,29,6
8,30,5
8,31,9
8,33,4
8,34,4
8,36,8
8,37,3
8,38,6
8,39,2
8,40,2
8,41,4
8,42,7
8,43,9
8,44,9
8,45,5
8,46,7
8,47,9
8,48,3
8,49,7
8,50,4
8,51,8
8,53,8
8,54,1
8,55,7
8,56,8
8,57,9
8,58,7
8,59,5
8,60,7
8,61,2
8,62,7
8,63,5
8,64,1
8,65,4
8,66,3
8,67,1
8,68,5
8,69,9
8,70,7
8,71,3
8,72,3
8,74,7
8,75,9
8,76,5
8,77,2
8,78,2
8,79,7
8,81,3
8,82,8
8,83,2
8,84,1
8,85,2
8,86,9
8,87,7
8,88,1
8,89,8
8,90,5
8,91,2
8,92,5
8,93,6
8,94,4
8,96,6
8,97,9
8,98,6
8,99,3
9,0,6
9,1,3
9,2,2
9,3,7
9,4,3
9,5,3
9,6,3
9,7,5
9,8,4
9,9,9
9,10,6
9,11,5
9,12,6
9,14,2
9,15,5
9,16,3
9,17,9
9,18,5
9,19,8
9,20,5
9,21,8
9,22,7
9,23,4
9,25,6
9,26,1
9,27,4
9,28,2
9,29,6
9,30,4
9,31,5
9,32,9
9,34,8
9,35,3
9,36,6
9,37,7
9,38,6
9,39,8
9,40,3
9,41,7
9,42,4
9,43,4
9,44,6
9,45,6
9,46,5
9,47,3
9,48,4
9,49,3
9,50,6
9,51,9
9,52,5
9,53,6
9,54,1
9,57,9
9,58,8
9,59,4
9,60,3
9,61,2
9,63,6
9,64,9
9,66,3
9,67,4
9,69,8
9,70,9
9,71,8
9,72,9
9,73,2
9,75,7
9,76,6
9,77,1
9,78,4
9,79,4
9,81,1
9,82,2
9,83,2
9,86,1
9,87,7
9,88,6
9,89,4
9,90,4
9,91,2
9,92,2
9,93,7
9,95,8
9,97,6
9,98,2
9,99,5
10,0,4
10,1,4
10,2,8
10,3,6
10,4,5
10,5,6
10,6,3
10,7,4
10,8,3
10,9,2
10,10,7
10,11,4
10,12,9
10,14,4
10,15,5
10,17,6
10,18,1
10,19,9
10,20,1
10,21,5
10,22,6
10,23,7
10,25,6
10,26,5
10,27,3
10,28,9
10,29,7
10,30,4
10,31,4
10,32,2
10,33,5
10,34,4
10,36,3
10,37,2
10,38,7
10,39,9
10,40,7
10,41,4
10,42,9
10,43,5
10,44,8
10,45,8
10,46,9
10,47,9
10,48,1
10,49,1
10,50,3
10,52,6
10,53,9
10,54,1
10,55,7
10,56,9
10,57,1
10,58,6
10,60,9
10,61,3
10,62,6
10,63,1
10,64,2
10,65,1
10,66,1
10,67,9
10,68,3
10,70,2
10,71,8
10,72,3
10,74,9
10,75,1
10,76,5
10,77,8
10,78,1
10,81,4
10,83,9
10,84,6
10,85,8
10,86,1
10,87,1
10,88,5
10,89,5
10,90,8
10,91,7
10,92,8
10,93,9
10,94,6
10,95,2
10,96,5
10,97,9
10,98,3
10,99,7
11,0,4
11,1,9
11,2,3
11,3,6
11,4,3
11,5,1
11,6,8
11,7,2
11,8,9
11,9,8
11,10,3
11,11,7
11,12,2
11,13,8
11,15,1
11,16,1
11,17,1
11,18,2
11,19,5
11,20,8
11,22,9
11,23,6
11,24,8
11,25,6
11,26,7
11,27,5
11,28,5
11,30,3
11,31,1
11,32,5
11,33,4
11,35,6
11,36,5
11,37,8
11,38,1
11,40,1
11,41,7
11,42,1
11,43,4
11,44,4
11,45,1
11,46,9
11,47,6
11,48,9
11,49,2
11,51,7
11,52,7
11,54,1
11,55,1
11,56,6
11,58,2
11,60,1
11,61,9
11,62,6
11,63,6
11,64,5
11,65,7
11,66,8
11,68,5
11,69,5
11,70,2
11,71,5
11,72,3
11,73,2
11,74,1
11,77,1
11,78,3
11,79,4
11,80,9
11,81,6
11,82,3
11,83,4
11,84,5
11,85,9
11,86,3
11,87,5
11,88,1
11,89,8
11,90,7
11,91,7
11,92,6
11,93,7
11,94,6
11,95,6
11,96,4
11,97,4
11,98,2
12,0,5
12,1,9
12,2,1
12,3,1
12,4,7
12,5,3
12,6,3
12,7,6
12,8,4
12,9,3
12,10,8
12,11,4
12,12,3
12,13,1
12,14,4
12,15,4
12,16,9
12,17,4
12,18,8
12,19,8
12,20,5
12,21,2
12,22,7
12,23,1
12,24,5
12,25,3
12,26,1
12,27,2
12,29,3
12,30,3
12,31,2
12,32,9
12,33,2
12,35,3
12,36,2
12,37,1
12,38,1
12,39,2
12,40,3
12,41,7
12,42,5
12,44,5
12,45,6
12,47,7
12,48,1
12,49,8
12,50,3
12,51,5
12,53,3
12,54,3
12,55,9
12,56,5
12,58,7
12,59,5
12,60,1
12,61,1
12,62,7
12,63,2
12,64,1
12,65,1
12,66,6
12,67,7
12,68,1
12,69,3
12,70,7
12,71,9
12,72,1
12,74,1
12,75,6
12,78,7
12,79,1
12,80,2
12,81,7
12,82,6
12,83,2
12,84,5
12,86,8
12,87,8
12,88,8
12,89,4
12,90,3
12,92,5
12,93,8
12,94,3
12,95,6
12,96,4
12,97,2
12,98,3
12,99,5
13,0,4
13,1,4
13,3,2
13,4,9
13,5,2
13,6,9
13,7,1
13,8,1
13,9,2
13,10,9
13,12,8
13,13,2
13,14,6
13,15,8
13,16,9
13,17,1
13,19,6
13,20,4
13,21,9
13,22,9
13,23,2
13,24,3
13,25,9
13,26,2
13,27,5
13,28,7
13,29,5
13,30,6
13,31,1
13,32,4
13,33,4
13,34,4
13,36,3
13,37,8
13,38,4
13,39,6
13,40,2
13,41,2
13,42,3
13,43,7
13,44,6
13,45,3
13,46,8
13,47,1
13,48,8
13,49,6
13,50,6
13,51,8
13,52,7
13,53,1
13,54,1
13,55,3
13,56,3
13,57,7
13,58,4
13,60,2
13,61,1
13,62,3
13,63,2
13,64,1
13,65,8
13,66,1
13,67,3
13,69,1
13,70,9
13,71,6
13,72,3
13,73,7
13,75,3
13,76,4
13,77,7
13,78,1
13,80,1
13,81,2
13,82,3
13,83,7
13,84,4
13,85,4
13,87,9
13,88,4
13,90,5
13,92,4
13,93,4
13,94,3
13,96,6
13,97,1
13,98,6
13,99,2
14,0,5
14,1,7
14,2,5
14,3,6
14,4,3
14,5,8
14,6,7
14,7,5
14,8,2
14,9,4
14,10,5
14,11,4
14,13,6
14,14,9
14,16,8
14,17,2
14,18,9
14,20,8
14,21,5
14,22,8
14,23,4
14,24,2
14,25,4
14,28,9
14,29,8
14,30,5
14,31,5
14,32,1
14,33,4
14,35,7
14,36,9
14,37,6
14,38,9
14,39,9
14,40,3
14,41,7
14,42,6
14,43,9
14,44,5
14,45,1
14,47,8
14,49,3
14,50,8
14,51,9
14,52,3
14,53,7
14,54,8
14,55,9
14,56,2
14,57,5
14,58,5
14,59,4
14,60,2
14,61,4
14,62,5
14,63,3
14,64,5
14,65,4
14,66,5
14,67,3
14,68,3
14,69,4
14,70,3
14,71,7
14,73,6
14,75,1
14,76,2
14,77,5
14,78,5
14,79,6
14,80,5
14,81,8
14,82,8
14,83,9
14,84,3
14,85,1
14,86,8
14,87,3
14,88,6
14,89,3
14,90,4
14,91,9
14,92,4
14,93,3
14,94,7
14,95,8
14,96,1
14,97,6
14,98,2
14,99,6
15,0,5
15,1,6
15,2,5
15,3,8
15,4,7
15,5,7
15,6,9
15,7,6
15,8,3
15,9,8
15,10,2
15,11,7
15,12,8
15,13,2
15,14,4
15,15,4
15,16,9
15,17,1
15,18,5
15,20,4
15,21,9
15,22,7
15,23,6
15,24,9
15,26,5
15,28,6
15,30,2
15,31,2
15,32,7
15,33,7
15,34,2
15,36,6
15,37,1
15,38,8
15,39,9
15,40,6
15,41,8
15,42,3
15,43,3
15,44,6
15,45,7
15,46,1
15,47,7
15,48,6
15,49,5
15,51,1
15,52,7
15,54,7
15,55,3
15,56,6
15,57,6
15,58,3
15,59,1
15,60,2
15,62,1
15,63,6
15,64,6
15,65,7
15,66,6
15,67,5
15,68,5
15,69,6
15,70,9
15,71,2
15,72,8
15,74,9
15,75,4
15,76,9
15,78,8
15,79,3
15,80,2
15,81,7
15,82,5
15,83,6
15,84,1
15,85,9
15,86,7
15,87,7
15,88,5
15,89,3
15,90,3
15,91,3
15,92,5
15,94,3
15,95,9
15,96,9
15,97,6
15,98,5
15,99,9
16,0,7
16,1,9
16,3,7
16,4,1
16,5,7
16,6,1
16,7,2
16,8,7
16,10,9
16,11,4
16,12,5
16,13,7
16,15,9
16,16,5
16,17,3
16,18,5
16,19,1
16,22,1
16,23,4
16,24,5
16,25,8
16,26,9
16,27,8
16,28,6
16,29,1
16,31,8
16,32,9
16,33,7
16,34,5
16,35,8
16,36,2
16,37,5
16,38,9
16,39,1
16,40,8
16,42,2
16,43,8
16,44,5
16,46,2
16,47,6
16,48,2
16,49,9
16,50,7
16,51,9
16,52,7
16,53,3
16,54,5
16,55,5
16,56,2
16,57,4
16,58,7
16,59,4
16,60,6
16,61,2
16,62,1
16,63,1
16,65,5
16,66,7
16,68,6
16,69,9
16,70,2
16,72,7
16,73,1
16,74,3
16,75,9
16,76,9
16,78,3
16,79,3
16,81,4
16,82,3
16,83,6
16,84,2
16,86,5
16,87,1
16,88,6
16,89,4
16,90,6
16,91,2
16,92,2
16,93,2
16,94,4
16,95,2
16,96,9
16,97,4
16,98,1
17,0,4
17,1,6
17,2,4
17,3,4
17,4,9
17,5,5
17,6,1
17,7,5
17,8,4
17,9,6
17,10,1
17,11,3
17,12,7
17,14,1
17,15,1
17,16,6
17,17,2
17,18,5
17,19,4
17,20,7
17,21,6
17,22,7
17,23,7
17,24,8
17,25,1
17,26,3
17,27,6
17,28,8
17,29,7
17,30,9
17,31,9
17,32,2
17,33,3
17,34,9
17,36,9
17,37,2
17,38,4
17,39,3
17,40,9
17,43,7
17,44,1
17,45,7
17,46,3
17,47,2
17,48,1
17,49,3
17,50,6
17,51,4
17,52,3
17,53,6
17,54,5
17,55,8
17,56,5
17,57,3
17,58,3
17,59,1
17,60,4
17,61,6
17,62,7
17,63,7
17,64,7
17,65,2
17,66,9
17,67,6
17,68,4
17,69,7
17,70,4
17,71,8
17,72,5
17,73,1
17,74,7
17,76,6
17,79,9
17,80,6
17,82,4
17,83,1
17,84,6
17,86,1
17,87,6
17,88,2
17,89,4
17,90,6
17,91,9
17,92,9
17,93,1
17,94,8
17,95,5
17,97,4
18,0,7
18,1,9
18,2,3
18,3,3
18,4,8
18,5,6
18,7,2
18,8,6
18,10,6
18,11,6
18,12,5
18,13,4
18,14,3
18,15,7
18,16,5
18,17,1
18,18,3
18,20,1
18,21,4
18,22,6
18,23,7
18,24,3
18,25,1
18,26,9
18,27,5
18,28,8
18,29,1
18,30,2
18,31,9
18,32,3
18,33,5
18,35,8
18,36,3
18,37,2
18,38,7
18,39,6
18,40,8
18,41,1
18,42,4
18,43,7
18,44,6
18,45,4
18,46,7
18,47,6
18,48,1
18,50,7
18,51,3
18,52,3
18,53,7
18,54,5
18,55,6
18,56,7
18,57,6
18,58,7
18,59,4
18,60,4
18,61,3
18,62,4
18,63,9
18,64,9
18,65,9
18,66,8
18,67,8
18,68,5
18,69,9
18,71,8
18,72,9
18,74,1
18,75,5
18,76,6
18,77,9
18,78,5
18,79,7
18,80,6
18,81,4
18,82,5
18,83,6
18,84,1
18,85,9
18,86,6
18,87,4
18,88,2
18,89,6
18,90,4
18,91,4
18,92,5
18,93,1
18,94,6
18,95,9
18,96,6
18,97,7
18,98,2
18,99,1
19,0,4
19,1,8
19,3,2
19,4,2
19,5,9
19,6,4
19,7,8
19,9,5
19,10,4
19,11,9
19,12,7
19,13,5
19,14,1
19,15,9
19,16,5
19,17,2
19,18,8
19,19,8
19,20,9
19,21,4
19,22,3
19,24,6
19,25,4
19,26,9
19,28,4
19,32,3
19,33,7
19,34,5
19,35,7
19,36,7
19,38,7
19,39,9
19,40,9
19,41,8
19,42,4
19,43,5
19,44,6
19,45,5
19,46,7
19,48,9
19,49,7
19,50,1
19,51,7
19,53,9
19,54,7
19,55,6
19,56,4
19,57,1
19,58,7
19,59,5
19,60,2
19,61,7
19,62,5
19,63,2
19,64,4
19,65,7
19,66,5
19,67,3
19,68,9
19,69,7
19,70,2
19,71,6
19,72,5
19,73,7
19,74,2
19,75,9
19,76,6
19,77,9
19,78,9
19,79,9
19,80,3
19,81,1
19,82,9
19,83,5
19,84,3
19,85,6
19,86,8
19,87,3
19,89,4
19,90,9
19,91,7
19,92,3
19,93,7
19,94,4
19,95,9
19,96,6
19,97,8
19,98,2
19,99,5
20,0,9
20,1,8
20,2,1
20,4,7
20,5,1
20,6,6
20,8,8
20,9,5
20,10,3
20,11,2
20,12,5
20,13,8
20,14,5
20,15,7
20,16,7
20,17,1
20,19,9
20,20,9
20,21,9
20,23,8
20,24,8
20,25,3
20,26,2
20,27,4
20,28,1
20,29,5
20,30,7
20,31,7
20,32,8
20,33,5
20,34,6
20,35,3
20,36,8
20,38,7
20,39,2
20,40,7
20,41,7
20,42,2
20,43,7
20,44,3
20,45,1
20,46,7
20,48,2
20,50,5
20,52,5
20,53,5
20,54,4
20,55,5
20,56,4
20,57,5
20,58,1
20,59,8
20,60,5
20,61,5
20,62,3
20,63,4
20,64,1
20,65,5
20,66,5
20,67,3
20,68,8
20,70,8
20,71,1
20,72,5
20,73,9
20,74,9
20,75,1
20,76,7
20,77,8
20,78,2
20,79,1
20,80,8
20,82,1
20,83,1
20,84,9
20,85,3
20,86,9
20,87,8
20,88,9
20,89,6
20,90,8
20,91,4
20,92,9
20,93,4
20,94,1
20,95,2
20,96,6
20,97,1
20,98,1
20,99,9
21,0,1
21,1,5
21,2,6
21,3,3
21,4,8
21,5,4
21,7,1
21,8,2
21,9,4
21,10,3
21,11,7
21,12,2
21,13,4
21,15,6
21,16,5
21,17,8
21,18,2
21,19,1
21,20,5
21,21,9
21,22,5
21,23,7
21,24,3
21,26,4
21,27,8
21,28,4
21,29,3
21,30,1
21,31,9
21,32,8
21,35,6
21,36,6
21,37,3
21,38,9
21,39,8
21,40,2
21,41,1
21,42,2
21,43,4
21,44,2
21,45,4
21,46,6
21,47,5
21,48,2
21,50,4
21,51,2
21,53,1
21,54,8
21,55,6
21,56,6
21,57,7
21,58,6
21,59,2
21,60,8
21,61,5
21,62,8
21,63,2
21,64,1
21,65,1
21,66,6
21,67,4
21,68,6
21,69,9
21,70,7
21,71,7
21,72,2
21,74,2
21,75,8
21,76,8
21,77,6
21,78,7
21,79,8
21,81,8
21,82,2
21,83,1
21,84,8
21,85,6
21,87,3
21,88,7
21,89,2
21,90,2
21,91,8
21,92,9
21,94,8
21,95,6
21,96,2
21,97,9
21,98,8
21,99,9
22,0,1
22,1,5
22,2,6
22,3,8
22,4,6
22,5,8
22,6,2
22,7,5
22,8,6
22,9,4
22,10,8
22,11,8
22,12,8
22,13,9
22,14,7
22,15,5
22,16,2
22,17,9
22,18,6
22,19,3
22,20,2
22,21,5
22,22,8
22,23,8
22,24,1
22,25,7
22,26,5
22,27,5
22,28,2
22,30,2
22,31,1
22,32,3
22,33,4
22,35,2
22,37,1
22,38,7
22,39,5
22,40,3
22,41,8
22,42,7
22,43,3
22,44,9
22,45,8
22,46,8
22,47,5
22,48,1
22,49,4
22,50,4
22,51,6
22,52,7
22,53,9
22,54,8
22,55,5
22,56,6
22,57,8
22,59,5
22,61,3
22,62,5
22,63,6
22,64,3
22,65,5
22,66,3
22,67,8
22,68,4
22,69,7
22,71,5
22,72,2
22,73,8
22,74,5
22,75,6
22,76,6
22,78,8
22,79,6
22,81,4
22,82,1
22,83,2
22,84,4
22,85,5
22,86,8
22,87,8
22,88,8
22,89,2
22,90,4
22,91,2
22,92,2
22,93,1
22,94,2
22,95,3
22,97,8
22,98,4
22,99,5
23,0,9
23,2,8
23,4,6
23,5,8
23,6,8
23,7,3
23,8,3
23,9,8
23,10,2
23,11,4
23,12,6
23,13,6
23,14,9
23,15,6
23,16,8
23,17,4
23,18,7
23,19,2
23,20,2
23,21,9
23,22,5
23,23,1
23,25,9
23,26,1
23,27,1
23,28,9
23,29,1
23,30,4
23,31,8
23,32,1
23,33,2
23,35,2
23,36,2
23,37,2
23,40,9
23,41,5
23,42,8
23,43,6
23,44,2
23,45,1
23,46,9
23,47,9
23,49,4
23,50,3
23,51,4
23,52,3
23,53,2
23,54,1
23,56,6
23,57,1
23,59,9
23,60,3
23,61,3
23,62,1
23,63,8
23,64,7
23,65,5
23,66,5
23,67,5
23,68,1
23,69,3
23,70,8
23,71,1
23,72,3
23,73,9
23,74,7
23,76,2
23,77,3
23,78,4
23,79,9
23,80,1
23,81,6
23,82,3
23,83,9
23,84,4
23,85,4
23,86,4
23,87,6
23,88,1
23,89,8
23,90,8
23,91,7
23,92,8
23,93,5
23,94,3
23,95,5
23,96,2
23,97,9
23,99,8
24,0,9
24,1,2
24,2,2
24,3,9
24,4,7
24,6,3
24,7,7
24,8,1
24,9,9
24,10,6
24,11,1
24,12,3
24,13,3
24,14,6
24,15,2
24,16,2
24,17,9
24,18,3
24,19,2
24,20,8
24,21,3
24,22,1
24,23,1
24,24,4
24,25,7
24,27,5
24,28,8
24,29,6
24,30,1
24,31,8
24,32,2
24,34,1
24,35,1
24,36,5
24,37,3
24,38,8
24,39,3
24,40,4
24,41,5
24,42,6
24,43,4
24,44,7
24,45,5
24,46,2
24,47,5
24,48,6
24,49,4
24,50,6
24,51,1
24,52,4
24,53,5
24,54,2
24,55,9
24,56,3
24,57,2
24,58,9
24,59,1
24,60,2
24,61,1
24,62,6
24,63,7
24,64,8
24,66,2
24,68,8
24,69,5
24,71,1
24,72,5
24,73,1
24,74,8
24,75,3
24,76,6
24,77,3
24,79,3
24,80,5
24,81,9
24,82,5
24,83,6
24,84,3
24,85,2
24,86,5
24,87,2
24,88,1
24,89,3
24,90,2
24,91,4
24,92,4
24,93,2
24,94,8
24,95,2
24,96,9
24,97,8
24,98,6
24,99,3
25,0,2
25,1,7
25,2,2
25,3,6
25,5,4
25,7,3
25,8,8
25,9,5
25,10,5
25,11,8
25,12,3
25,13,9
25,14,6
25,15,7
25,16,1
25,17,5
25,18,8
25,19,1
25,20,5
25,21,8
25,22,4
25,23,5
25,24,3
25,25,1
25,26,4
25,27,1
25,28,7
25,30,8
25,31,1
25,32,1
25,33,8
25,34,8
25,35,8
25,36,8
25,37,3
25,38,5
25,39,8
25,40,7
25,41,3
25,42,7
25,43,1
25,44,5
25,45,1
25,46,9
25,47,7
25,48,4
25,49,4
25,51,8
25,52,2
25,53,4
25,54,7
25,55,5
25,57,2
25,58,8
25,59,8
25,60,4
25,61,7
25,63,4
25,64,2
25,65,2
25,66,3
25,67,3
25,68,6
25,69,2
25,70,5
25,71,5
25,72,8
25,73,1
25,74,5
25,75,6
25,76,4
25,77,1
25,79,1
25,80,5
25,81,4
25,82,8
25,83,2
25,84,5
25,85,1
25,86,1
25,87,1
25,88,7
25,89,3
25,90,2
25,91,4
25,92,3
25,93,3
25,94,5
25,95,1
25,96,5
25,97,5
25,98,4
25,99,1
26,0,9
26,1,6
26,2,3
26,3,8
26,4,3
26,5,5
26,6,2
26,7,6
26,8,7
26,9,3
26,10,6
26,11,3
26,12,3
26,13,8
26,14,4
26,15,2
26,16,8
26,17,3
26,18,4
26,19,9
26,20,5
26,21,3
26,22,5
26,23,1
26,24,6
26,25,5
26,26,6
26,27,3
26,28,2
26,29,4
26,30,5
26,31,2
26,32,5
26,33,6
26,34,6
26,36,2
26,37,5
26,38,7
26,39,4
26,40,3
26,41,2
26,42,3
26,43,2
26,44,4
26,45,2
26,46,3
26,49,1
26,50,6
26,51,5
26,52,9
26,53,7
26,54,2
26,55,4
26,56,4
26,58,1
26,59,2
26,60,4
26,61,3
26,62,3
26,63,6
26,64,7
26,65,8
26,66,5
26,67,8
26,68,3
26,69,7
26,70,2
26,71,1
26,72,8
26,73,6
26,74,2
26,75,8
26,76,3
26,77,2
26,78,9
26,79,7
26,81,6
26,83,3
26,85,9
26,86,7
26,87,8
26,88,8
26,89,8
26,90,7
26,91,9
26,92,5
26,94,6
26,95,7
26,96,9
26,98,6
26,99,1
27,0,4
27,2,1
27,3,9
27,4,9
27,5,4
27,6,9
27,7,3
27,8,2
27,9,1
27,11,2
27,12,5
27,13,1
27,14,6
27,15,4
27,16,3
27,17,5
27,18,6
27,19,5
27,20,5
27,21,1
27,22,2
27,23,7
27,24,6
27,25,1
27,27,8
27,28,2
27,29,7
27,30,7
27,31,2
27,32,9
27,33,6
27,34,1
27,36,8
27,37,7
27,38,2
27,39,7
27,40,8
27,41,3
27,42,6
27,43,4
27,44,1
27,46,6
27,47,2
27,48,8
27,49,3
27,51,6
27,52,2
27,53,5
27,55,7
27,56,5
27,57,2
27,59,3
27,60,7
27,61,4
27,62,3
27,63,5
27,64,6
27,65,2
27,66,1
27,67,7
27,68,6
27,69,1
27,70,1
27,72,9
27,73,2
27,75,3
27,77,2
27,78,3
27,79,4
27,80,2
27,81,1
27,82,4
27,83,5
27,84,5
27,85,5
27,86,2
27,87,3
27,88,1
27,90,7
27,91,1
27,92,7
27,94,5
27,95,2
27,96,4
27,97,8
27,98,4
27,99,9
28,0,5
28,2,6
28,3,9
28,4,4
28,5,9
28,6,9
28,7,7
28,8,2
28,9,7
28,10,9
28,11,3
28,13,9
28,14,5
28,15,1
28,16,1
28,17,3
28,18,5
28,19,3
28,20,4
28,21,4
28,22,6
28,23,6
28,24,7
28,25,8
28,26,1
28,27,7
28,28,8
28,29,4
28,30,7
28,31,5
28,32,7
28,33,7
28,34,2
28,35,9
28,36,2
28,37,4
28,38,3
28,39,8
28,40,9
28,41,7
28,42,9
28,43,4
28,44,6
28,45,1
28,46,5
28,47,3
28,48,1
28,49,9
28,51,7
28,52,9
28,54,4
28,55,1
28,56,4
28,57,7
28,58,6
28,59,6
28,60,1
28,61,2
28,62,3
28,63,1
28,64,1
28,65,2
28,66,9
28,67,4
28,68,5
28,69,2
28,71,9
28,72,2
28,73,6
28,74,1
28,75,6
28,76,6
28,77,4
28,78,7
28,79,9
28,80,3
28,81,6
28,83,4
28,84,8
28,85,8
28,86,2
28,87,8
28,88,5
28,89,1
28,90,6
28,91,8
28,92,3
28,93,5
28,95,5
28,96,3
28,97,6
28,98,2
29,0,1
29,1,4
29,2,1
29,3,3
29,4,8
29,5,8
29,6,3
29,7,5
29,8,9
29,10,6
29,11,5
29,12,8
29,13,2
29,14,8
29,15,4
29,16,8
29,17,7
29,19,4
29,20,9
29,22,1
29,23,4
29,24,3
29,26,8
29,27,2
29,28,4
29,29,2
29,30,5
29,32,1
29,33,8
29,34,2
29,35,6
29,36,8
29,37,9
29,38,1
29,39,2
29,40,8
29,41,4
29,42,9
29,43,6
29,44,1
29,45,9
29,46,6
29,48,6
29,49,4
29,50,7
29,51,8
29,52,1
29,53,1
29,54,4
29,55,4
29,56,3
29,57,2
29,58,3
29,59,6
29,61,9
29,62,6
29,63,5
29,64,7
29,65,2
29,66,1
29,68,9
29,69,2
29,70,5
29,71,1
29,72,1
29,74,3
29,76,1
29,77,7
29,78,8
29,79,6
29,80,7
29,81,4
29,82,4
29,83,8
29,84,8
29,85,3
29,86,4
29,88,7
29,89,7
29,90,4
29,91,7
29,92,4
29,94,4
29,96,5
29,97,3
29,98,3
30,0,8
30,1,2
30,2,7
30,3,7
30,4,4
30,5,3
30,6,4
30,9,7
30,10,1
30,11,3
30,12,2
30,14,1
30,15,2
30,16,3
30,17,3
30,18,9
30,20,6
30,21,1
30,22,4
30,25,2
30,26,8
30,27,3
30,29,6
30,30,2
30,31,1
30,34,5
30,35,5
30,36,3
30,37,8
30,38,8
30,39,8
30,40,9
30,42,5
30,44,7
30,45,7
30,46,4
30,47,2
30,48,5
30,49,1
30,50,1
30,51,7
30,52,3
30,53,9
30,54,2
30,55,8
30,56,1
30,57,6
30,58,8
30,59,7
30,60,1
30,61,4
30,62,6
30,64,7
30,65,5
30,66,7
30,67,5
30,68,6
30,70,7
30,71,9
30,72,2
30,73,8
30,74,5
30,75,9
30,78,5
30,79,1
30,80,8
30,81,3
30,82,4
30,84,2
30,85,6
30,86,4
30,87,6
30,88,8
30,89,6
30,90,5
30,92,9
30,93,5
30,94,5
30,95,5
30,96,4
30,97,8
30,98,1
30,99,2
31,0,9
31,1,2
31,2,5
31,3,9
31,6,6
31,7,8
31,8,1
31,9,1
31,10,4
31,11,3
31,13,7
31,14,2
31,15,8
31,16,7
31,17,1
31,18,5
31,19,2
31,20,2
31,21,2
31,22,7
31,23,4
31,24,3
31,25,4
31,27,2
31,28,8
31,29,1
31,30,2
31,31,3
31,32,7
31,33,6
31,34,6
31,35,6
31,36,6
31,37,6
31,38,4
31,39,2
31,40,5
31,41,6
31,42,1
31,43,7
31,45,2
31,46,7
31,47,9
31,48,5
31,49,8
31,50,3
31,51,2
31,52,5
31,53,8
31,54,5
31,55,3
31,56,8
31,57,8
31,58,1
31,59,5
31,60,8
31,61,7
31,63,8
31,64,7
31,66,5
31,67,5
31,68,2
31,69,9
31,70,1
31,71,3
31,73,3
31,74,2
31,75,1
31,77,5
31,78,9
31,79,8
31,80,8
31,81,4
31,82,4
31,83,2
31,84,2
31,85,1
31,86,5
31,87,1
31,88,6
31,89,4
31,90,8
31,91,3
31,92,1
31,93,8
31,94,7
31,95,6
31,96,9
31,97,2
31,98,8
32,0,9
32,1,9
32,2,2
32,3,3
32,4,5
32,5,7
32,6,8
32,7,6
32,8,7
32,9,6
32,10,1
32,11,2
32,12,5
32,13,9
32,14,3
32,15,8
32,16,8
32,17,4
32,18,4
32,19,8
32,20,3
32,21,4
32,22,2
32,23,4
32,24,1
32,25,7
32,26,8
32,27,8
32,28,3
32,29,5
32,30,5
32,31,3
32,32,6
32,33,8
32,34,1
32,35,3
32,36,5
32,37,1
32,38,5
32,39,3
32,40,9
32,41,8
32,42,4
32,43,7
32,45,1
32,46,3
32,48,5
32,49,3
32,50,9
32,51,9
32,52,1
32,53,2
32,54,5
32,55,1
32,56,9
32,57,6
32,58,1
32,59,2
32,60,6
32,61,2
32,65,2
32,66,4
32,67,8
32,68,2
32,69,2
32,70,3
32,71,7
32,72,3
32,73,7
32,74,1
32,75,5
32,76,5
32,77,5
32,78,3
32,79,6
32,80,8
32,81,3
32,82,8
32,83,8
32,85,8
32,87,3
32,88,5
32,89,5
32,91,4
32,93,4
32,94,7
32,95,6
32,97,3
32,98,1
32,99,5
33,0,5
33,1,2
33,2,4
33,4,6
33,5,1
33,7,1
33,8,9
33,9,9
33,10,7
33,11,8
33,12,6
33,13,5
33,14,6
33,15,3
33,16,1
33,17,6
33,18,3
33,19,1
33,20,5
33,21,3
33,22,8
33,23,8
33,24,1
33,25,8
33,26,7
33,28,5
33,29,2
33,30,3
33,31,7
33,32,4
33,33,6
33,34,7
33,35,1
33,36,7
33,37,6
33,38,4
33,39,5
33,40,3
33,41,7
33,42,3
33,43,3
33,44,7
33,45,7
33,46,8
33,47,3
33,48,1
33,49,6
33,50,7
33,51,5
33,52,5
33,53,2
33,54,8
33,55,4
33,56,5
33,58,9
33,59,5
33,60,9
33,61,2
33,62,1
33,63,6
33,64,4
33,65,4
33,66,7
33,68,1
33,69,4
33,70,9
33,71,7
33,72,3
33,73,2
33,74,7
33,75,1
33,76,1
33,77,8
33,78,6
33,79,8
33,81,3
33,82,1
33,84,6
33,85,7
33,86,9
33,87,7
33,88,6
33,89,5
33,90,9
33,91,7
33,92,1
33,93,2
33,94,7
33,95,3
33,96,5
33,97,2
33,98,8
34,0,6
34,1,5
34,2,6
34,3,5
34,4,6
34,5,2
34,6,7
34,7,8
34,8,3
34,9,5
34,10,4
34,11,3
34,13,3
34,14,1
34,15,8
34,16,2
34,18,2
34,19,8
34,20,1
34,21,3
34,22,8
34,23,3
34,24,7
34,25,8
34,26,1
34,27,7
34,28,4
34,29,1
34,30,2
34,31,9
34,32,4
34,33,9
34,34,8
34,35,1
34,36,7
34,37,3
34,38,3
34,39,1
34,40,8
34,41,2
34,42,6
34,43,9
34,44,5
34,46,9
34,47,9
34,48,7
34,49,4
34,50,2
34,51,7
34,53,6
34,54,2
34,55,8
34,56,5
34,57,3
34,58,5
34,59,1
34,60,4
34,61,7
34,63,2
34,64,2
34,65,1
34,66,6
34,67,5
34,68,2
34,69,4
34,71,6
34,72,1
34,73,7
34,74,1
34,75,2
34,76,8
34,77,3
34,78,7
34,79,1
34,80,9
34,81,6
34,82,6
34,83,4
34,84,5
34,86,6
34,87,8
34,88,9
34,89,9
34,90,3
34,91,4
34,92,7
34,94,3
34,95,1
34,96,8
34,97,2
34,98,8
34,99,9
35,0,2
35,1,9
35,2,3
35,3,7
35,4,1
35,5,7
35,6,1
35,7,7
35,8,4
35,9,2
35,10,5
35,11,5
35,12,1
35,13,9
35,14,7
35,15,5
35,16,9
35,17,2
35,19,9
35,20,3
35,21,5
35,22,1
35,23,2
35,24,5
35,25,2
35,26,3
35,27,2
35,28,6
35,29,2
35,30,3
35,31,2
35,32,7
35,33,7
35,34,5
35,35,4
35,37,8
35,38,9
35,39,8
35,40,9
35,41,5
35,42,3
35,43,1
35,44,5
35,45,3
35,46,4
35,47,5
35,48,3
35,49,4
35,50,3
35,51,3
35,52,8
35,53,4
35,54,5
35,55,4
35,56,9
35,57,6
35,58,4
35,59,2
35,60,8
35,61,9
35,62,8
35,63,9
35,64,8
35,65,9
35,66,5
35,67,8
35,68,8
35,69,3
35,70,3
35,71,3
35,72,2
35,73,4
35,74,5
35,75,6
35,76,4
35,77,9
35,78,8
35,79,2
35,80,9
35,81,5
35,83,5
35,84,2
35,85,6
35,86,8
35,88,3
35,89,1
35,90,9
35,91,3
35,92,5
35,93,1
35,94,9
35,95,1
35,96,4
35,97,9
35,98,3
35,99,8
36,0,2
36,2,6
36,3,6
36,5,6
36,6,4
36,7,2
36,8,5
36,9,2
36,10,6
36,11,6
36,12,9
36,13,4
36,14,4
36,15,4
36,16,7
36,17,3
36,18,9
36,19,7
36,20,2
36,21,8
36,23,9
36,24,1
36,25,7
36,26,2
36,27,7
36,28,5
36,29,3
36,30,6
36,31,6
36,32,3
36,33,1
36,34,1
36,36,2
36,37,4
36,38,9
36,39,2
36,40,3
36,41,1
36,42,5
36,43,8
36,44,5
36,45,6
36,46,7
36,47,6
36,48,1
36,49,1
36,50,9
36,51,1
36,52,7
36,53,6
36,54,9
36,55,2
36,56,1
36,57,9
36,58,2
36,59,9
36,60,9
36,61,6
36,62,3
36,63,5
36,64,4
36,65,4
36,66,3
36,67,7
36,68,9
36,69,9
36,70,9
36,71,2
36,72,5
36,73,9
36,74,3
36,75,9
36,76,4
36,77,9
36,78,6
36,79,4
36,80,9
36,81,5
36,82,5
36,83,1
36,85,4
36,86,7
36,87,5
36,88,2
36,89,5
36,90,8
36,91,7
36,92,3
36,93,2
36,94,9
36,95,2
36,97,4
36,98,7
36,99,1
37,0,8
37,1,4
37,2,6
37,3,6
37,5,6
37,6,6
37,7,1
37,8,6
37,9,9
37,10,4
37,11,6
37,12,8
37,13,1
37,16,3
37,17,1
37,18,4
37,19,4
37,21,2
37,22,3
37,23,9
37,24,2
37,25,4
37,26,3
37,27,5
37,28,9
37,31,7
37,32,2
37,35,4
37,36,7
37,38,3
37,41,8
37,42,7
37,43,2
37,44,3
37,45,2
37,46,9
37,47,2
37,48,6
37,49,2
37,50,4
37,51,3
37,52,6
37,53,7
37,55,1
37,56,5
37,57,3
37,58,7
37,59,7
37,60,1
37,61,6
37,62,4
37,63,3
37,64,2
37,65,5
37,66,6
37,67,1
37,68,6
37,69,9
37,70,2
37,71,5
37,72,9
37,73,5
37,74,8
37,75,7
37,76,4
37,77,7
37,78,3
37,79,9
37,80,9
37,81,6
37,82,3
37,83,6
37,85,7
37,86,8
37,87,1
37,88,3
37,89,3
37,90,5
37,91,3
37,92,3
37,93,9
37,94,2
37,95,4
37,96,8
37,97,8
37,98,2
37,99,7
38,1,2
38,3,1
38,4,2
38,5,6
38,6,6
38,7,1
38,9,4
38,12,1
38,13,4
38,14,9
38,15,6
38,16,4
38,17,9
38,18,9
38,20,3
38,21,7
38,22,7
38,23,7
38,24,3
38,25,3
38,26,5
38,27,9
38,28,9
38,29,4
38,30,2
38,31,4
38,32,7
38,33,7
38,35,4
38,36,6
38,37,7
38,38,9
38,39,4
38,40,1
38,41,7
38,42,6
38,43,3
38,44,5
38,45,7
38,46,5
38,47,7
38,48,2
38,49,4
38,50,3
38,51,8
38,52,1
38,53,5
38,55,2
38,56,6
38,57,5
38,58,1
38,59,5
38,60,7
38,61,6
38,62,2
38,63,9
38,64,4
38,65,9
38,67,9
38,68,3
38,69,8
38,70,7
38,71,2
38,72,9
38,73,6
38,74,5
38,76,8
38,77,2
38,79,9
38,80,1
38,81,5
38,82,5
38,83,3
38,84,6
38,85,4
38,86,7
38,87,3
38,88,6
38,89,9
38,90,4
38,91,2
38,92,7
38,94,3
38,95,8
38,96,3
38,97,6
38,98,5
38,99,1
39,0,5
39,1,3
39,2,9
39,3,5
39,4,5
39,5,3
39,6,6
39,7,1
39,8,9
39,9,6
39,10,8
39,11,7
39,12,5
39,13,9
39,14,1
39,15,1
39,16,9
39,17,7
39,18,1
39,19,4
39,20,6
39,21,8
39,23,7
39,24,9
39,25,8
39,26,1
39,27,9
39,28,5
39,29,9
39,30,8
39,31,5
39,32,8
39,33,2
39,34,6
39,35,4
39,36,6
39,37,5
39,38,6
39,39,2
39,41,7
39,42,9
39,43,7
39,44,2
39,45,2
39,46,4
39,47,2
39,49,6
39,50,6
39,51,2
39,52,7
39,53,8
39,54,2
39,55,5
39,57,1
39,58,2
39,59,6
39,60,1
39,61,2
39,62,7
39,63,5
39,64,9
39,65,4
39,66,6
39,68,2
39,69,3
39,70,9
39,71,5
39,72,3
39,73,3
39,74,8
39,75,5
39,76,9
39,77,2
39,78,1
39,79,2
39,80,5
39,81,6
39,82,2
39,83,3
39,84,4
39,85,9
39,87,1
39,88,6
39,89,7
39,91,6
39,92,1
39,94,7
39,95,1
39,96,1
39,97,5
39,98,9
40,0,7
40,1,1
40,2,7
40,3,5
40,4,7
40,5,3
40,6,9
40,7,9
40,8,4
40,9,7
40,10,8
40,11,2
40,12,2
40,13,9
40,14,1
40,15,7
40,16,4
40,17,1
40,19,5
40,20,2
40,21,1
40,22,6
40,23,6
40,24,6
40,25,5
40,27,2
40,28,7
40,29,5
40,30,3
40,31,9
40,33,1
40,34,2
40,35,3
40,36,7
40,37,7
40,38,4
40,39,8
40,40,8
40,41,4
40,42,6
40,43,4
40,44,7
40,45,9
40,46,8
40,47,3
40,48,4
40,49,7
40,50,3
40,51,3
40,52,9
40,54,5
40,55,1
40,56,8
40,57,2
40,58,7
40,59,6
40,60,1
40,61,7
40,62,7
40,64,4
40,65,2
40,66,2
40,67,5
40,68,4
40,69,3
40,70,1
40,72,5
40,73,5
40,74,6
40,75,2
40,76,6
40,77,6
40,78,6
40,79,1
40,80,1
40,81,6
40,83,3
40,84,1
40,86,1
40,87,4
40,88,6
40,89,4
40,91,1
40,93,4
40,94,2
40,95,3
40,96,9
40,97,1
40,98,1
40,99,2
41,1,3
41,3,5
41,4,8
41,5,4
41,6,2
41,7,8
41,8,6
41,9,9
41,10,2
41,11,2
41,12,4
41,13,5
41,14,5
41,15,9
41,16,2
41,17,3
41,18,6
41,20,7
41,21,4
41,22,6
41,24,2
41,25,4
41,27,4
41,29,4
41,30,5
41,31,7
41,32,2
41,33,5
41,34,5
41,35,7
41,36,6
41,38,6
41,39,9
41,40,4
41,41,5
41,42,7
41,43,1
41,44,9
41,45,9
41,46,3
41,48,6
41,49,4
41,50,8
41,51,8
41,52,9
41,53,2
41,54,6
41,55,6
41,56,3
41,57,6
41,59,5
41,60,6
41,61,2
41,62,8
41,63,1
41,65,8
41,67,1
41,68,4
41,69,3
41,70,4
41,71,7
41,72,3
41,73,3
41,74,1
41,75,6
41,76,4
41,77,9
41,78,2
41,79,2
41,80,7
41,81,9
41,82,2
41,84,7
41,86,5
41,87,9
41,88,4
41,89,2
41,90,7
41,91,5
41,92,2
41,93,3
41,95,4
41,96,9
41,97,7
41,98,8
41,99,5
42,1,5
42,2,6
42,3,9
42,4,4
42,5,9
42,6,2
42,7,4
42,8,2
42,10,8
42,11,2
42,12,6
42,13,6
42,14,5
42,15,9
42,16,8
42,17,6
42,18,3
42,19,6
42,20,5
42,22,3
42,23,1
42,24,1
42,25,1
42,27,3
42,28,7
42,30,3
42,31,6
42,32,8
42,33,9
42,34,6
42,35,4
42,36,2
42,37,2
42,38,9
42,39,6
42,41,8
42,42,9
42,43,1
42,44,6
42,45,6
42,46,7
42,47,8
42,48,6
42,49,6
42,50,5
42,52,4
42,53,1
42,54,7
42,55,9
42,56,2
42,57,6
42,58,1
42,60,3
42,61,5
42,62,7
42,64,4
42,65,1
42,66,5
42,67,9
42,68,2
42,69,2
42,70,1
42,71,4
42,72,2
42,73,8
42,74,3
42,75,8
42,76,2
42,77,7
42,78,9
42,79,4
42,80,5
42,81,8
42,82,8
42,83,8
42,84,2
42,85,9
42,86,8
42,87,2
42,88,9
42,89,1
42,90,7
42,91,6
42,92,6
42,93,5
42,94,2
42,95,3
42,96,9
42,97,8
42,98,8
43,0,9
43,1,6
43,2,8
43,3,7
43,5,8
43,6,6
43,7,8
43,8,1
43,9,4
43,10,8
43,11,7
43,12,1
43,13,1
43,14,3
43,15,2
43,16,5
43,17,5
43,18,7
43,19,1
43,20,9
43,21,2
43,23,8
43,24,9
43,25,3
43,26,6
43,28,6
43,29,8
43,30,4
43,31,4
43,32,5
43,33,1
43,34,4
43,35,5
43,36,4
43,37,2
43,38,7
43,40,7
43,41,1
43,43,7
43,44,5
43,45,7
43,46,7
43,47,2
43,48,3
43,49,4
43,50,6
43,51,5
43,52,6
43,53,1
43,54,2
43,56,9
43,57,5
43,59,3
43,60,4
43,61,9
43,62,6
43,63,7
43,64,2
43,65,1
43,66,2
43,67,6
43,68,7
43,69,4
43,70,7
43,71,9
43,73,5
43,74,8
43,75,4
43,76,3
43,77,9
43,78,9
43,79,1
43,80,4
43,81,5
43,82,7
43,83,6
43,85,6
43,87,7
43,88,4
43,89,4
43,90,4
43,91,9
43,92,3
43,93,1
43,94,3
43,95,1
43,96,4
43,97,6
43,98,9
43,99,6
44,0,1
44,1,2
44,2,6
44,3,6
44,4,2
44,5,9
44,6,9
44,7,6
44,8,6
44,9,7
44,10,8
44,11,8
44,12,1
44,13,3
44,14,5
44,15,7
44,16,1
44,17,5
44,18,3
44,19,9
44,20,3
44,21,8
44,22,3
44,23,8
44,25,3
44,26,7
44,27,7
44,28,4
44,29,3
44,30,3
44,31,1
44,32,9
44,33,4
44,34,2
44,35,1
44,36,9
44,37,3
44,38,2
44,39,9
44,40,9
44,41,6
44,42,4
44,43,6
44,44,2
44,46,4
44,47,7
44,48,4
44,49,3
44,50,6
44,51,9
44,52,1
44,53,1
44,54,6
44,55,8
44,56,5
44,57,6
44,58,2
44,59,1
44,60,7
44,61,1
44,62,7
44,63,8
44,65,1
44,66,4
44,69,2
44,70,2
44,71,6
44,72,2
44,74,1
44,75,2
44,77,4
44,78,6
44,79,5
44,80,4
44,81,1
44,82,8
44,83,4
44,84,6
44,85,5
44,86,3
44,87,3
44,88,5
44,89,2
44,90,4
44,92,6
44,93,7
44,94,2
44,95,1
44,96,3
44,97,4
44,98,9
44,99,3
45,0,8
45,1,5
45,2,4
45,3,7
45,4,1
45,5,8
45,6,2
45,7,8
45,8,3
45,9,1
45,10,8
45,11,8
45,13,4
45,14,1
45,16,8
45,17,2
45,18,6
45,19,4
45,20,7
45,22,7
45,23,3
45,24,3
45,25,8
45,27,9
45,29,2
45,30,5
45,32,3
45,33,1
45,34,6
45,35,4
45,36,8
45,37,1
45,39,7
45,40,8
45,41,5
45,42,3
45,44,8
45,45,3
45,46,7
45,48,9
45,49,9
45,50,5
45,51,2
45,52,7
45,53,6
45,55,5
45,56,3
45,57,6
45,58,4
45,59,6
45,60,8
45,61,6
45,62,7
45,63,1
45,64,2
45,65,9
45,66,6
45,67,5
45,68,2
45,69,1
45,70,5
45,71,3
45,72,5
45,73,3
45,74,5
45,75,1
45,76,7
45,77,5
45,78,4
45,80,2
45,81,1
45,82,1
45,83,5
45,84,8
45,85,6
45,86,1
45,87,1
45,88,8
45,89,2
45,90,9
45,93,7
45,94,7
45,95,3
45,96,8
45,97,5
45,98,8
45,99,3
46,1,2
46,2,2
46,3,3
46,4,6
46,5,8
46,6,8
46,7,4
46,8,6
46,9,1
46,10,4
46,11,1
46,12,6
46,13,1
46,14,8
46,15,1
46,16,5
46,17,4
46,18,2
46,19,8
46,20,8
46,21,9
46,22,4
46,24,9
46,26,1
46,27,1
46,28,1
46,30,2
46,31,5
46,32,2
46,33,5
46,36,5
46,37,3
46,38,6
46,39,3
46,40,2
46,41,8
46,42,2
46,43,3
46,44,4
46,45,1
46,46,2
46,47,9
46,48,2
46,49,8
46,50,5
46,51,2
46,52,2
46,54,6
46,55,4
46,56,3
46,57,6
46,58,5
46,59,5
46,60,9
46,61,6
46,63,9
46,64,8
46,65,6
46,66,8
46,67,7
46,68,4
46,69,1
46,70,7
46,71,1
46,73,5
46,74,5
46,75,7
46,76,9
46,77,9
46,78,3
46,80,6
46,81,8
46,82,3
46,84,3
46,85,9
46,86,7
46,87,6
46,88,8
46,89,5
46,90,1
46,91,1
46,92,6
46,93,9
46,94,2
46,95,7
46,96,8
46,97,7
46,98,5
46,99,1
47,0,7
47,2,8
47,3,3
47,4,6
47,5,2
47,6,5
47,7,6
47,8,1
47,10,4
47,11,8
47,13,8
47,14,7
47,15,4
47,16,8
47,17,6
47,18,7
47,20,2
47,21,1
47,22,9
47,23,6
47,24,6
47,25,5
47,26,7
47,27,6
47,28,5
47,31,2
47,34,7
47,36,8
47,39,6
47,40,2
47,42,5
47,43,9
47,44,5
47,45,6
47,46,5
47,48,7
47,50,2
47,51,7
47,52,1
47,53,6
47,54,3
47,56,9
47,57,1
47,59,9
47,60,2
47,61,5
47,62,9
47,63,2
47,64,9
47,65,1
47,67,1
47,68,5
47,69,2
47,70,6
47,72,5
47,73,9
47,74,6
47,75,8
47,76,7
47,77,8
47,78,1
47,79,6
47,81,5
47,82,9
47,83,5
47,84,5
47,85,9
47,87,7
47,88,2
47,89,6
47,90,4
47,91,2
47,92,2
47,93,2
47,94,8
47,95,1
47,96,6
47,97,1
47,98,1
47,99,2
48,0,8
48,1,1
48,2,8
48,3,9
48,4,2
48,5,5
48,6,5
48,7,7
48,8,9
48,9,5
48,10,1
48,11,5
48,12,5
48,13,6
48,14,5
48,15,1
48,16,1
48,17,3
48,18,2
48,19,7
48,20,5
48,21,2
48,22,7
48,23,4
48,24,1
48,25,7
48,26,2
48,27,1
48,28,9
48,29,3
48,31,2
48,32,1
48,33,8
48,34,1
48,37,2
48,38,6
48,39,4
48,40,4
48,41,6
48,42,8
48,43,5
48,44,1
48,46,8
48,47,6
48,49,3
48,50,3
48,51,4
48,52,9
48,53,1
48,54,1
48,55,8
48,56,2
48,57,6
48,60,8
48,61,5
48,62,9
48,63,2
48,64,6
48,65,3
48,66,5
48,67,3
48,68,9
48,69,8
48,70,5
48,72,1
48,73,8
48,74,7
48,75,2
48,76,5
48,77,4
48,78,1
48,79,9
48,80,6
48,81,2
48,82,4
48,83,2
48,84,2
48,85,7
48,86,9
48,87,3
48,89,6
48,90,9
48,91,6
48,92,2
48,93,1
48,94,5
48,95,8
48,96,4
48,97,3
48,98,2
48,99,9
49,0,7
49,2,4
49,3,1
49,4,4
49,5,6
49,6,6
49,7,2
49,8,6
49,9,6
49,10,2
49,11,1
49,12,8
49,13,2
49,14,7
49,15,9
49,17,4
49,18,9
49,19,1
49,20,7
49,21,1
49,22,6
49,23,6
49,24,9
49,25,7
49,27,6
49,28,8
49,29,6
49,30,6
49,31,9
49,32,6
49,33,3
49,34,8
49,35,1
49,36,6
49,37,5
49,38,4
49,39,3
49,40,3
49,41,9
49,43,4
49,45,8
49,46,9
49,47,1
49,48,9
49,49,1
49,50,5
49,51,7
49,52,9
49,53,2
49,55,3
49,56,4
49,57,6
49,58,4
49,59,3
49,60,3
49,61,5
49,62,2
49,63,6
49,64,8
49,65,4
49,66,6
49,67,9
49,68,3
49,70,4
49,71,8
49,72,7
49,73,3
49,75,5
49,76,7
49,77,1
49,78,3
49,79,4
49,80,7
49,81,5
49,82,9
49,83,5
49,84,4
49,85,6
49,86,4
49,87,5
49,88,6
49,89,4
49,90,8
49,91,8
49,92,4
49,93,1
49,94,6
49,95,6
49,96,9
49,97,2
49,98,9
49,99,5
50,0,4
50,1,4
50,3,7
50,4,5
50,5,8
50,6,9
50,7,4
50,8,6
50,9,7
50,11,6
50,12,8
50,14,3
50,15,9
50,16,6
50,17,3
50,18,5
50,19,4
50,20,7
50,21,5
50,22,6
50,23,6
50,24,5
50,25,2
50,26,8
50,27,9
50,28,1
50,29,3
50,31,6
50,32,7
50,35,3
50,36,6
50,37,5
50,39,5
50,40,1
50,41,1
50,42,8
50,43,4
50,44,8
50,45,7
50,46,5
50,47,7
50,48,8
50,49,8
50,50,1
50,51,7
50,52,7
50,53,8
50,54,4
50,55,9
50,56,1
50,57,1
50,59,3
50,60,4
50,61,9
50,62,7
50,63,3
50,64,5
50,65,6
50,67,5
50,68,1
50,69,4
50,70,5
50,71,2
50,73,8
50,74,8
50,75,8
50,76,1
50,77,7
50,78,1
50,79,2
50,81,6
50,82,9
50,83,6
50,84,2
50,85,2
50,86,9
50,87,9
50,88,6
50,89,9
50,90,7
50,91,1
50,92,6
50,93,7
50,94,5
50,95,5
50,96,1
50,97,9
50,98,3
50,99,9
51,0,7
51,1,8
51,2,8
51,3,9
51,4,2
51,5,5
51,6,5
51,7,6
51,8,1
51,9,9
51,10,7
51,11,1
51,12,6
51,13,5
51,14,6
51,15,2
51,16,8
51,17,8
51,19,3
51,20,7
51,21,5
51,22,6
51,24,1
51,25,6
51,26,6
51,27,6
51,28,4
51,29,6
51,30,9
51,31,2
51,32,6
51,33,5
51,34,2
51,35,2
51,36,1
51,38,3
51,39,4
51,40,2
51,41,3
51,42,3
51,43,1
51,44,3
51,45,9
51,46,4
51,47,3
51,49,4
51,50,7
51,51,8
51,53,3
51,54,4
51,55,1
51,56,3
51,57,2
51,58,2
51,59,5
51,60,4
51,61,1
51,62,5
51,63,4
51,64,8
51,65,4
51,66,5
51,67,7
51,68,8
51,69,5
51,70,3
51,71,7
51,72,3
51,74,9
51,75,1
51,76,5
51,77,9
51,78,4
51,79,6
51,80,1
51,81,3
51,82,9
51,83,7
51,84,3
51,85,4
51,87,3
51,88,5
51,89,2
51,90,9
51,91,5
51,92,3
51,94,1
51,95,6
51,96,9
51,98,6
51,99,7
52,0,6
52,1,5
52,2,7
52,3,1
52,4,1
52,5,4
52,6,7
52,7,8
52,8,6
52,9,4
52,10,9
52,11,4
52,12,1
52,13,7
52,14,4
52,15,1
52,16,8
52,18,2
52,19,2
52,20,9
52,21,3
52,22,4
52,23,6
52,24,2
52,25,1
52,26,6
52,27,8
52,28,6
52,30,5
52,31,8
52,32,6
52,33,9
52,34,3
52,35,1
52,36,8
52,37,1
52,38,2
52,39,4
52,40,1
52,42,5
52,44,9
52,45,4
52,46,5
52,47,8
52,48,2
52,51,9
52,52,6
52,53,6
52,55,9
52,56,9
52,57,4
52,58,1
52,59,1
52,60,7
52,61,6
52,62,6
52,63,1
52,64,4
52,65,6
52,66,6
52,67,5
52,68,6
52,69,9
52,70,6
52,71,5
52,72,7
52,73,9
52,74,2
52,76,7
52,77,3
52,78,9
52,80,1
52,81,2
52,82,8
52,83,1
52,84,7
52,85,5
52,86,2
52,87,5
52,88,4
52,90,2
52,91,1
52,92,8
52,93,8
52,94,1
52,95,6
52,98,6
52,99,2
53,0,3
53,2,9
53,3,8
53,5,8
53,6,5
53,7,8
53,8,3
53,9,2
53,10,4
53,11,8
53,13,1
53,14,6
53,15,9
53,16,6
53,17,6
53,19,7
53,20,1
53,21,8
53,24,6
53,25,5
53,26,4
53,27,9
53,28,7
53,29,6
53,30,2
53,31,1
53,33,2
53,34,5
53,35,6
53,37,5
53,38,4
53,39,7
53,40,1
53,41,6
53,42,3
53,43,1
53,44,5
53,45,1
53,46,1
53,47,9
53,48,1
53,50,5
53,51,4
53,52,7
53,53,2
53,54,9
53,55,4
53,56,9
53,57,6
53,58,7
53,59,2
53,60,3
53,61,1
53,62,6
53,63,2
53,64,9
53,65,7
53,66,3
53,67,4
53,68,6
53,69,7
53,70,1
53,71,3
53,73,9
53,75,2
53,77,7
53,78,3
53,79,8
53,80,1
53,81,4
53,82,2
53,83,2
53,84,6
53,85,8
53,87,6
53,88,3
53,89,5
53,90,2
53,91,8
53,92,2
53,93,2
53,94,9
53,95,1
53,96,3
53,98,5
53,99,3
54,0,8
54,1,3
54,3,6
54,4,1
54,6,5
54,7,2
54,8,5
54,9,8
54,10,8
54,11,9
54,12,6
54,13,3
54,14,9
54,15,1
54,16,8
54,17,1
54,18,4
54,19,2
54,20,9
54,21,5
54,23,4
54,24,7
54,25,2
54,26,4
54,27,4
54,28,2
54,29,2
54,30,8
54,31,4
54,32,1
54,33,2
54,34,9
54,35,7
54,36,9
54,37,8
54,38,7
54,39,6
54,40,8
54,41,5
54,42,6
54,43,4
54,44,3
54,45,8
54,46,1
54,47,8
54,48,5
54,49,9
54,50,9
54,51,1
54,52,9
54,53,9
54,54,1
54,55,7
54,57,2
54,59,4
54,60,2
54,61,7
54,62,3
54,63,4
54,64,9
54,65,2
54,66,1
54,67,3
54,68,4
54,69,7
54,70,7
54,71,6
54,72,4
54,73,7
54,74,9
54,75,5
54,76,6
54,77,5
54,78,2
54,79,1
54,80,8
54,81,8
54,82,5
54,83,7
54,84,7
54,85,2
54,86,1
54,87,7
54,88,3
54,89,8
54,91,7
54,92,7
54,93,4
54,94,8
54,96,7
54,97,1
54,98,5
54,99,8
55,0,7
55,1,4
55,3,3
55,4,2
55,6,2
55,7,9
55,8,4
55,9,8
55,10,2
55,11,4
55,12,6
55,13,9
55,14,9
55,15,2
55,16,1
55,18,2
55,19,3
55,20,8
55,21,1
55,23,1
55,24,8
55,25,6
55,27,7
55,28,3
55,29,7
55,30,2
55,31,7
55,32,7
55,33,5
55,34,8
55,35,1
55,36,8
55,37,1
55,38,3
55,39,5
55,40,1
55,41,2
55,43,7
55,44,6
55,46,1
55,47,5
55,48,2
55,49,8
55,50,9
55,51,7
55,52,9
55,53,5
55,54,5
55,56,9
55,57,9
55,58,9
55,59,3
55,60,9
55,61,1
55,62,8
55,64,6
55,65,8
55,67,9
55,68,5
55,69,2
55,70,1
55,72,3
55,73,4
55,75,9
55,77,8
55,78,1
55,79,6
55,80,4
55,81,9
55,82,3
55,83,2
55,84,4
55,85,9
55,86,8
55,87,2
55,88,5
55,89,5
55,90,6
55,91,7
55,92,5
55,93,6
55,94,6
55,95,9
55,96,9
55,97,9
55,98,5
55,99,8
56,0,2
56,1,6
56,3,8
56,4,8
56,5,5
56,7,5
56,8,9
56,9,4
56,10,1
56,11,4
56,12,4
56,13,8
56,14,9
56,15,3
56,16,2
56,17,3
56,18,6
56,19,7
56,20,7
56,21,5
56,22,9
56,23,6
56,24,5
56,25,8
56,26,3
56,27,1
56,28,8
56,29,3
56,30,1
56,31,5
56,32,5
56,33,9
56,34,6
56,36,2
56,37,7
56,38,6
56,39,4
56,41,5
56,42,2
56,43,8
56,45,5
56,46,4
56,47,5
56,48,9
56,49,8
56,50,4
56,51,2
56,52,9
56,53,7
56,55,9
56,56,8
56,57,2
56,58,9
56,59,3
56,60,4
56,61,3
56,62,7
56,63,8
56,65,3
56,66,1
56,67,6
56,68,5
56,69,8
56,70,9
56,71,6
56,72,5
56,73,2
56,74,4
56,75,4
56,76,9
56,77,5
56,78,9
56,79,7
56,80,9
56,81,8
56,82,3
56,83,5
56,84,8
56,85,5
56,86,2
56,87,6
56,88,1
56,89,6
56,90,3
56,91,7
56,94,6
56,95,2
56,96,4
56,97,8
56,98,5
56,99,8
57,0,1
57,1,7
57,2,5
57,3,5
57,4,4
57,5,3
57,6,3
57,7,7
57,8,4
57,9,9
57,10,7
57,12,6
57,13,4
57,14,1
57,15,7
57,16,4
57,17,9
57,18,2
57,20,5
57,21,7
57,22,2
57,23,4
57,24,1
57,25,9
57,26,2
57,27,9
57,28,6
57,30,7
57,31,3
57,32,3
57,33,1
57,34,4
57,35,9
57,36,8
57,37,5
57,39,2
57,40,2
57,41,2
57,42,6
57,43,6
57,44,4
57,45,2
57,46,5
57,47,5
57,48,1
57,49,5
57,50,3
57,51,8
57,53,7
57,54,8
57,55,2
57,56,2
57,57,7
57,58,9
57,59,2
57,60,2
57,61,3
57,62,6
57,63,4
57,66,3
57,67,8
57,68,1
57,69,4
57,70,2
57,71,1
57,72,2
57,73,3
57,74,8
57,76,3
57,78,9
57,79,1
57,80,1
57,81,8
57,82,1
57,83,2
57,84,6
57,85,9
57,86,1
57,87,6
57,88,9
57,89,9
57,90,5
57,91,4
57,92,7
57,93,8
57,94,6
57,95,2
57,96,7
57,97,7
57,98,4
57,99,3
58,0,6
58,1,8
58,2,5
58,3,5
58,4,3
58,5,6
58,6,8
58,7,2
58,8,9
58,9,6
58,10,1
58,11,3
58,12,6
58,13,7
58,14,1
58,15,9
58,16,3
58,17,4
58,18,9
58,19,4
58,20,7
58,21,2
58,22,6
58,23,4
58,24,9
58,25,3
58,26,2
58,28,4
58,29,9
58,30,2
58,31,5
58,32,6
58,33,5
58,34,7
58,35,6
58,36,6
58,37,3
58,38,5
58,39,9
58,40,2
58,41,4
58,42,1
58,43,3
58,44,9
58,45,1
58,46,3
58,47,4
58,48,6
58,49,9
58,50,8
58,51,6
58,53,4
58,54,6
58,55,5
58,57,3
58,58,4
58,59,5
58,60,7
58,61,3
58,62,8
58,63,3
58,64,4
58,65,7
58,66,3
58,67,6
58,69,2
58,70,2
58,71,6
58,72,2
58,73,3
58,74,6
58,75,8
58,76,8
58,77,2
58,78,6
58,79,5
58,80,8
58,81,8
58,83,1
58,84,1
58,85,8
58,86,3
58,87,7
58,88,5
58,89,7
58,90,9
58,91,9
58,92,9
58,93,8
58,94,6
58,95,7
58,96,7
58,97,1
58,98,2
58,99,1
59,0,4
59,1,4
59,2,6
59,3,3
59,4,2
59,5,9
59,6,8
59,7,9
59,8,1
59,9,6
59,10,3
59,12,4
59,14,2
59,15,2
59,16,4
59,17,5
59,18,2
59,19,2
59,20,7
59,21,4
59,22,6
59,23,1
59,25,2
59,27,5
59,29,3
59,30,5
59,31,8
59,32,6
59,33,3
59,34,1
59,35,2
59,37,1
59,38,1
59,39,1
59,41,4
59,42,2
59,43,1
59,44,6
59,45,4
59,46,2
59,48,3
59,49,8
59,50,1
59,51,6
59,52,8
59,53,6
59,54,9
59,55,7
59,56,2
59,57,6
59,58,5
59,59,8
59,60,6
59,62,8
59,63,9
59,65,5
59,66,8
59,67,6
59,68,6
59,69,3
59,70,7
59,72,5
59,73,7
59,74,3
59,75,9
59,76,4
59,77,4
59,78,4
59,80,8
59,81,3
59,82,6
59,84,5
59,85,9
59,86,3
59,87,9
59,88,7
59,89,2
59,90,8
59,91,4
59,92,4
59,93,2
59,94,5
59,95,1
59,96,2
59,98,5
59,99,2
60,0,7
60,1,5
60,2,1
60,3,8
60,4,4
60,5,3
60,6,2
60,7,3
60,8,2
60,9,8
60,10,8
60,11,7
60,12,2
60,14,9
60,15,6
60,16,8
60,17,4
60,18,3
60,19,5
60,21,2
60,22,5
60,23,9
60,24,4
60,25,7
60,26,5
60,27,1
60,28,8
60,29,3
60,30,7
60,31,2
60,32,3
60,33,4
60,35,7
60,36,4
60,37,6
60,38,2
60,39,1
60,40,7
60,41,7
60,42,5
60,43,7
60,44,2
60,45,2
60,46,3
60,47,6
60,48,3
60,49,9
60,50,1
60,51,1
60,52,3
60,53,2
60,54,1
60,55,6
60,56,3
60,57,1
60,58,9
60,59,3
60,60,1
60,61,9
60,62,1
60,63,4
60,64,1
60,65,7
60,66,4
60,68,2
60,69,8
60,70,8
60,71,4
60,72,2
60,73,3
60,74,5
60,75,3
60,76,8
60,77,4
60,78,8
60,82,5
60,83,8
60,84,8
60,85,9
60,86,6
60,87,3
60,88,8
60,89,8
60,90,4
60,91,7
60,92,9
60,93,8
60,94,9
60,96,8
60,98,3
60,99,4
61,0,4
61,1,8
61,2,6
61,3,6
61,4,7
61,5,7
61,6,5
61,8,9
61,10,2
61,11,2
61,12,7
61,13,1
61,14,1
61,15,1
61,17,3
61,18,9
61,19,7
61,20,9
61,21,7
61,22,2
61,23,4
61,24,4
61,25,6
61,26,2
61,27,9
61,28,6
61,29,8
61,30,3
61,31,5
61,33,2
61,34,9
61,36,3
61,37,2
61,38,8
61,39,8
61,40,1
61,41,1
61,42,6
61,43,1
61,44,5
61,46,3
61,47,9
61,48,2
61,49,7
61,51,3
61,52,2
61,53,3
61,54,5
61,55,8
61,56,7
61,57,5
61,58,4
61,59,9
61,60,6
61,61,3
61,62,6
61,63,5
61,64,3
61,65,8
61,66,8
61,67,6
61,68,6
61,69,4
61,70,9
61,72,2
61,73,2
61,74,7
61,76,3
61,77,5
61,78,2
61,79,3
61,80,2
61,82,3
61,83,2
61,84,8
61,85,8
61,86,9
61,87,8
61,89,3
61,90,9
61,91,7
61,92,2
61,93,7
61,95,9
61,96,3
61,97,2
61,98,5
61,99,3
62,1,4
62,2,6
62,3,1
62,4,8
62,5,7
62,6,3
62,7,9
62,9,8
62,10,5
62,11,3
62,12,4
62,13,4
62,14,5
62,15,6
62,16,8
62,17,1
62,18,1
62,19,2
62,20,1
62,22,3
62,23,1
62,24,3
62,25,9
62,26,1
62,27,4
62,28,4
62,29,9
62,30,5
62,31,5
62,32,7
62,33,3
62,34,5
62,35,4
62,36,5
62,37,4
62,38,3
62,39,8
62,40,1
62,41,4
62,42,6
62,44,1
62,45,1
62,46,7
62,47,5
62,48,2
62,49,2
62,50,2
62,51,6
62,52,2
62,54,7
62,55,7
62,56,9
62,57,1
62,58,1
62,59,6
62,63,6
62,64,9
62,65,3
62,66,9
62,67,3
62,68,2
62,69,1
62,70,1
62,71,8
62,72,7
62,73,4
62,75,4
62,76,5
62,77,9
62,78,4
62,79,7
62,80,8
62,81,8
62,82,3
62,83,1
62,84,9
62,85,6
62,86,3
62,87,6
62,88,3
62,89,3
62,90,3
62,91,1
62,92,7
62,93,5
62,94,6
62,95,1
62,96,5
62,97,1
62,98,9
62,99,9
63,0,7
63,1,5
63,2,4
63,3,8
63,4,5
63,5,5
63,6,7
63,7,1
63,8,7
63,9,6
63,10,2
63,11,8
63,12,5
63,13,7
63,14,8
63,15,2
63,16,8
63,17,5
63,18,3
63,19,9
63,20,1
63,21,1
63,22,9
63,24,5
63,25,2
63,26,1
63,27,8
63,28,2
63,29,7
63,30,1
63,31,6
63,32,9
63,33,7
63,34,3
63,35,9
63,36,4
63,37,2
63,38,2
63,39,4
63,40,5
63,41,8
63,42,9
63,43,8
63,44,6
63,45,3
63,46,8
63,47,5
63,48,4
63,49,6
63,50,3
63,51,1
63,52,3
63,54,1
63,55,3
63,56,4
63,57,6
63,58,1
63,59,6
63,61,3
63,62,7
63,63,9
63,64,2
63,66,5
63,67,5
63,68,3
63,69,5
63,71,6
63,72,2
63,73,8
63,75,6
63,76,1
63,77,5
63,78,6
63,79,1
63,80,9
63,82,7
63,83,6
63,84,4
63,85,3
63,86,7
63,87,1
63,89,6
63,90,6
63,91,8
63,92,3
63,93,6
63,94,4
63,95,9
63,96,1
63,97,2
63,98,8
63,99,6
64,1,8
64,2,3
64,3,9
64,4,9
64,6,8
64,7,4
64,8,9
64,9,9
64,11,7
64,12,6
64,13,4
64,14,4
64,15,2
64,16,1
64,17,7
64,19,9
64,20,3
64,21,7
64,22,2
64,23,8
64,24,9
64,25,1
64,26,8
64,27,7
64,28,8
64,29,9
64,30,7
64,31,7
64,32,4
64,33,1
64,34,3
64,35,3
64,36,3
64,37,6
64,38,3
64,39,9
64,40,2
64,41,4
64,42,8
64,43,6
64,44,7
64,46,2
64,47,6
64,48,3
64,49,2
64,50,1
64,51,3
64,52,2
64,53,4
64,54,3
64,55,3
64,56,2
64,57,5
64,58,7
64,59,4
64,61,5
64,62,7
64,63,6
64,64,6
64,65,5
64,66,5
64,67,4
64,68,8
64,69,6
64,70,6
64,71,3
64,72,3
64,73,3
64,74,5
64,75,7
64,76,6
64,77,3
64,78,7
64,80,3
64,82,6
64,83,6
64,84,2
64,85,5
64,86,8
64,87,9
64,89,3
64,90,9
64,91,4
64,92,7
64,93,2
64,94,8
64,95,8
64,96,3
64,97,9
64,98,7
64,99,7
65,0,9
65,1,8
65,2,3
65,3,4
65,4,5
65,5,5
65,6,6
65,7,1
65,8,7
65,9,4
65,10,7
65,11,5
65,12,1
65,14,2
65,15,1
65,16,6
65,17,4
65,18,8
65,19,8
65,21,9
65,22,6
65,23,1
65,24,4
65,25,9
65,26,5
65,27,7
65,28,9
65,29,2
65,30,6
65,31,8
65,32,1
65,33,9
65,34,8
65,35,1
65,36,1
65,37,3
65,38,7
65,39,8
65,40,3
65,41,2
65,42,6
65,43,3
65,44,8
65,45,6
65,46,4
65,47,2
65,48,2
65,49,5
65,50,1
65,51,4
65,52,9
65,53,7
65,54,5
65,55,7
65,56,7
65,57,9
65,58,3
65,59,4
65,60,6
65,61,6
65,62,8
65,63,1
65,64,1
65,65,6
65,66,9
65,67,2
65,68,5
65,69,2
65,71,7
65,72,2
65,73,3
65,74,8
65,75,2
65,76,5
65,77,7
65,78,7
65,79,7
65,80,1
65,81,7
65,83,6
65,84,1
65,85,7
65,86,6
65,87,7
65,88,4
65,89,3
65,90,1
65,91,4
65,92,1
65,93,5
65,94,1
65,95,1
65,96,5
65,97,1
65,98,3
65,99,9
66,0,9
66,1,9
66,2,6
66,3,4
66,4,8
66,5,2
66,6,1
66,7,8
66,8,3
66,10,3
66,11,7
66,12,1
66,13,8
66,14,5
66,15,2
66,16,2
66,17,6
66,18,8
66,19,4
66,20,8
66,21,3
66,22,5
66,23,3
66,24,5
66,25,2
66,26,9
66,27,2
66,28,5
66,29,9
66,30,3
66,31,3
66,32,9
66,33,5
66,34,7
66,35,9
66,36,6
66,37,3
66,38,4
66,39,4
66,40,2
66,41,4
66,42,7
66,43,5
66,44,1
66,45,8
66,46,7
66,48,1
66,49,8
66,50,6
66,51,6
66,52,1
66,53,9
66,54,2
66,55,1
66,56,5
66,57,1
66,58,4
66,59,3
66,60,3
66,61,6
66,62,8
66,63,3
66,64,9
66,65,3
66,66,7
66,67,2
66,68,9
66,69,8
66,70,1
66,71,7
66,72,4
66,73,9
66,74,1
66,75,9
66,76,8
66,77,9
66,78,3
66,79,3
66,80,2
66,81,3
66,82,4
66,83,5
66,84,9
66,85,2
66,87,8
66,88,7
66,89,6
66,90,6
66,91,5
66,92,8
66,93,1
66,94,6
66,95,5
66,97,9
66,99,9
67,1,4
67,2,3
67,3,7
67,4,9
67,5,4
67,6,8
67,7,8
67,8,1
67,9,5
67,10,7
67,11,6
67,12,4
67,13,9
67,14,5
67,15,4
67,16,2
67,17,4
67,18,9
67,19,8
67,20,4
67,22,8
67,23,8
67,24,8
67,25,2
67,26,5
67,27,5
67,28,3
67,30,3
67,31,6
67,33,3
67,34,2
67,35,9
67,36,6
67,37,5
67,38,4
67,39,7
67,41,9
67,42,5
67,43,5
67,45,4
67,46,5
67,47,4
67,48,1
67,50,1
67,51,9
67,52,3
67,53,4
67,54,2
67,55,2
67,56,6
67,57,3
67,58,8
67,59,1
67,60,7
67,61,3
67,62,3
67,64,6
67,65,5
67,66,3
67,67,5
67,68,2
67,69,7
67,70,7
67,71,4
67,72,2
67,73,6
67,74,5
67,77,4
67,78,4
67,79,1
67,80,3
67,81,3
67,82,9
67,85,5
67,86,4
67,87,4
67,88,8
67,89,8
67,90,7
67,91,5
67,93,1
67,94,9
67,96,5
67,97,1
67,98,5
67,99,5
68,0,6
68,1,3
68,2,6
68,3,4
68,4,2
68,5,2
68,6,4
68,7,3
68,8,6
68,10,1
68,11,4
68,12,5
68,13,1
68,14,8
68,15,7
68,16,4
68,18,8
68,20,4
68,21,7
68,22,6
68,23,8
68,24,8
68,25,8
68,26,1
68,27,3
68,28,8
68,29,1
68,30,6
68,31,3
68,32,4
68,33,7
68,34,7
68,35,6
68,36,5
68,37,8
68,38,8
68,40,6
68,41,1
68,43,1
68,44,3
68,45,2
68,46,6
68,47,4
68,48,7
68,49,9
68,51,2
68,52,2
68,53,7
68,54,4
68,55,1
68,56,5
68,57,6
68,58,3
68,59,3
68,60,9
68,61,5
68,62,7
68,63,2
68,64,9
68,65,5
68,67,9
68,68,4
68,69,8
68,70,7
68,71,9
68,72,4
68,73,8
68,74,1
68,75,6
68,76,1
68,78,7
68,79,8
68,80,6
68,81,8
68,82,6
68,84,9
68,85,6
68,86,1
68,87,9
68,88,9
68,89,9
68,90,8
68,91,9
68,92,9
68,93,5
68,94,7
68,95,4
68,96,6
68,97,6
68,98,5
68,99,2
69,0,6
69,1,5
69,2,8
69,3,8
69,4,8
69,6,1
69,7,5
69,8,9
69,9,1
69,10,1
69,11,7
69,12,1
69,13,5
69,14,8
69,15,2
69,16,8
69,18,2
69,19,7
69,20,9
69,21,5
69,22,7
69,23,8
69,24,8
69,25,6
69,26,6
69,27,8
69,29,5
69,30,2
69,31,3
69,32,7
69,33,6
69,35,6
69,36,3
69,37,6
69,38,5
69,39,4
69,40,1
69,41,6
69,42,4
69,43,5
69,44,9
69,45,6
69,46,3
69,47,3
69,48,4
69,49,4
69,50,2
69,51,4
69,52,6
69,53,1
69,55,3
69,56,9
69,57,1
69,59,2
69,60,1
69,61,6
69,62,5
69,64,6
69,65,2
69,66,6
69,67,8
69,68,9
69,69,5
69,70,4
69,71,5
69,72,1
69,74,3
69,75,4
69,76,9
69,77,1
69,78,1
69,79,2
69,80,9
69,81,7
69,82,5
69,83,5
69,84,9
69,85,9
69,86,7
69,87,9
69,88,4
69,89,7
69,90,7
69,92,6
69,93,7
69,94,9
69,95,1
69,96,9
69,98,5
69,99,8
70,0,8
70,1,9
70,2,5
70,3,4
70,4,6
70,5,5
70,6,5
70,8,3
70,9,8
70,10,6
70,11,3
70,12,8
70,13,3
70,14,4
70,15,4
70,17,3
70,18,3
70,19,9
70,20,4
70,21,6
70,22,4
70,23,2
70,24,3
70,25,7
70,26,5
70,27,7
70,29,8
70,30,9
70,32,6
70,33,6
70,34,9
70,35,3
70,36,9
70,38,5
70,39,5
70,40,5
70,41,1
70,42,5
70,43,5
70,44,9
70,45,7
70,47,6
70,48,8
70,49,9
70,50,2
70,51,2
70,52,7
70,53,4
70,54,6
70,55,8
70,56,6
70,57,4
70,58,5
70,59,4
70,60,4
70,61,8
70,62,6
70,63,1
70,64,8
70,65,3
70,66,3
70,67,6
70,68,2
70,69,3
70,70,5
70,71,5
70,72,4
70,73,3
70,74,8
70,75,3
70,76,6
70,77,8
70,78,3
70,79,9
70,81,7
70,82,6
70,83,9
70,84,8
70,85,6
70,86,8
70,87,7
70,88,6
70,89,2
70,90,8
70,91,2
70,92,2
70,93,2
70,94,2
70,95,4
70,96,6
70,97,4
70,98,2
70,99,7
71,0,8
71,1,7
71,2,4
71,3,1
71,5,9
71,6,2
71,7,3
71,8,8
71,9,5
71,10,4
71,12,4
71,13,3
71,14,6
71,15,5
71,16,7
71,17,7
71,18,9
71,19,1
71,20,7
71,21,7
71,22,7
71,23,7
71,24,3
71,26,5
71,27,3
71,28,5
71,29,6
71,30,2
71,31,1
71,32,1
71,33,4
71,34,6
71,36,5
71,37,2
71,39,8
71,40,9
71,41,2
71,42,1
71,43,1
71,44,5
71,45,2
71,46,6
71,47,5
71,49,2
71,50,5
71,51,9
71,52,8
71,53,2
71,54,4
71,55,9
71,56,3
71,57,5
71,58,5
71,59,6
71,61,2
71,62,3
71,63,1
71,64,8
71,66,4
71,67,6
71,69,3
71,71,6
71,72,8
71,73,6
71,74,9
71,75,8
71,76,5
71,77,5
71,78,5
71,80,8
71,81,7
71,82,2
71,83,9
71,84,7
71,85,8
71,86,3
71,87,9
71,88,3
71,89,4
71,90,7
71,91,8
71,92,1
71,93,3
71,94,5
71,95,7
71,96,1
71,97,1
71,98,8
71,99,8
72,0,1
72,1,2
72,2,1
72,3,1
72,5,7
72,6,9
72,7,5
72,8,2
72,9,8
72,10,1
72,11,5
72,12,1
72,13,3
72,14,6
72,15,7
72,16,6
72,18,8
72,19,2
72,20,9
72,21,6
72,22,4
72,24,8
72,25,4
72,26,3
72,27,6
72,28,7
72,29,2
72,30,2
72,31,1
72,33,1
72,34,6
72,35,6
72,36,1
72,37,8
72,39,4
72,40,2
72,41,3
72,42,4
72,43,9
72,44,1
72,45,3
72,46,1
72,48,3
72,49,5
72,50,8
72,51,8
72,53,9
72,54,6
72,55,7
72,57,8
72,58,1
72,59,4
72,60,8
72,61,4
72,62,2
72,63,5
72,64,3
72,65,5
72,66,7
72,67,7
72,68,1
72,69,1
72,70,6
72,71,3
72,73,5
72,74,1
72,75,5
72,76,8
72,77,8
72,78,2
72,79,7
72,80,6
72,81,8
72,82,9
72,83,4
72,85,1
72,86,9
72,88,3
72,89,2
72,90,6
72,91,7
72,94,5
72,95,1
72,96,6
72,97,9
72,98,1
72,99,5
73,0,2
73,1,5
73,2,2
73,3,3
73,4,9
73,5,8
73,7,4
73,8,8
73,9,9
73,10,3
73,11,8
73,12,9
73,14,8
73,15,2
73,16,9
73,17,8
73,18,2
73,19,6
73,20,6
73,22,4
73,23,6
73,24,8
73,25,5
73,27,6
73,28,9
73,29,1
73,30,3
73,31,3
73,32,5
73,34,5
73,35,5
73,36,9
73,37,7
73,38,8
73,39,3
73,40,5
73,41,2
73,42,2
73,44,8
73,45,6
73,46,1
73,47,7
73,48,6
73,49,9
73,50,6
73,51,2
73,52,6
73,53,1
73,54,1
73,55,1
73,56,5
73,57,4
73,58,3
73,60,5
73,61,2
73,62,6
73,63,9
73,64,1
73,65,8
73,66,9
73,67,5
73,68,4
73,69,7
73,70,6
73,71,7
73,72,9
73,73,9
73,74,9
73,75,3
73,78,8
73,80,5
73,81,5
73,83,8
73,84,2
73,87,9
73,88,8
73,89,5
73,90,7
73,91,4
73,92,3
73,93,6
73,94,6
73,95,8
73,96,7
73,97,8
73,98,2
73,99,5
74,0,7
74,2,2
74,3,7
74,4,3
74,5,7
74,6,5
74,7,2
74,8,3
74,9,7
74,10,4
74,11,6
74,12,6
74,13,4
74,14,5
74,15,7
74,16,2
74,17,8
74,18,4
74,19,4
74,20,5
74,21,3
74,22,9
74,23,6
74,24,2
74,25,9
74,26,2
74,27,5
74,28,7
74,29,8
74,30,2
74,31,3
74,32,9
74,34,3
74,35,8
74,36,6
74,37,9
74,38,3
74,39,7
74,40,3
74,41,8
74,43,8
74,44,8
74,45,6
74,46,7
74,47,9
74,50,6
74,51,4
74,52,4
74,53,8
74,54,2
74,55,7
74,57,9
74,58,7
74,59,1
74,60,3
74,61,1
74,62,3
74,64,4
74,65,6
74,67,3
74,68,2
74,69,2
74,70,8
74,71,1
74,72,8
74,73,9
74,75,8
74,76,8
74,77,5
74,78,9
74,79,8
74,80,8
74,81,4
74,82,2
74,83,1
74,84,4
74,85,5
74,87,9
74,88,7
74,89,6
74,90,8
74,91,9
74,92,6
74,93,3
74,94,9
74,95,9
74,96,7
74,97,4
74,98,9
74,99,8
75,0,8
75,1,2
75,2,5
75,3,7
75,4,4
75,5,7
75,6,5
75,7,2
75,8,9
75,9,1
75,10,9
75,11,9
75,12,3
75,13,9
75,14,9
75,15,3
75,16,7
75,17,4
75,18,6
75,19,4
75,20,1
75,21,8
75,22,9
75,23,5
75,24,6
75,25,9
75,26,9
75,27,5
75,28,5
75,29,9
75,30,3
75,31,5
75,32,2
75,33,4
75,35,2
75,36,5
75,37,7
75,38,6
75,39,8
75,40,6
75,41,7
75,42,4
75,43,6
75,44,2
75,46,7
75,47,1
75,48,4
75,49,1
75,50,6
75,51,9
75,52,2
75,53,1
75,54,8
75,55,3
75,56,9
75,57,6
75,59,2
75,60,9
75,61,2
75,63,9
75,65,3
75,66,7
75,67,2
75,68,1
75,69,7
75,70,4
75,71,3
75,72,4
75,73,5
75,75,3
75,76,6
75,77,9
75,78,4
75,79,1
75,80,4
75,81,9
75,83,1
75,84,7
75,87,1
75,88,1
75,90,8
75,92,4
75,93,1
75,94,2
75,96,3
75,98,5
75,99,9
76,0,6
76,1,8
76,2,4
76,3,1
76,4,7
76,5,3
76,6,9
76,7,4
76,8,8
76,9,7
76,10,4
76,11,3
76,13,9
76,14,2
76,15,7
76,16,4
76,17,8
76,18,3
76,20,7
76,22,6
76,23,6
76,24,9
76,25,7
76,26,1
76,28,9
76,30,4
76,31,3
76,32,3
76,33,1
76,34,3
76,35,5
76,36,8
76,37,7
76,38,9
76,39,7
76,40,2
76,41,3
76,42,6
76,43,3
76,44,8
76,46,3
76,47,6
76,48,7
76,49,6
76,50,5
76,51,4
76,52,3
76,53,9
76,54,8
76,55,6
76,56,9
76,57,4
76,58,2
76,59,5
76,60,5
76,61,4
76,62,5
76,64,4
76,65,6
76,66,3
76,68,2
76,69,7
76,71,8
76,72,7
76,73,1
76,74,2
76,75,4
76,76,3
76,77,3
76,78,7
76,79,2
76,80,6
76,81,2
76,82,1
76,83,1
76,84,8
76,85,5
76,86,3
76,87,3
76,88,2
76,89,8
76,90,1
76,91,6
76,92,6
76,93,5
76,94,7
76,95,6
76,96,3
76,97,5
76,99,3
77,0,4
77,1,8
77,2,3
77,3,5
77,4,5
77,5,9
77,6,5
77,7,6
77,8,8
77,9,6
77,10,4
77,11,7
77,13,8
77,14,6
77,15,7
77,16,5
77,17,4
77,18,1
77,19,1
77,20,9
77,21,3
77,22,3
77,23,8
77,24,8
77,25,3
77,26,6
77,27,8
77,28,3
77,29,7
77,30,3
77,31,1
77,32,8
77,33,2
77,34,8
77,35,2
77,36,1
77,37,8
77,38,8
77,39,9
77,40,1
77,41,2
77,42,6
77,43,1
77,44,8
77,45,9
77,46,1
77,47,8
77,48,6
77,49,1
77,50,7
77,51,6
77,52,3
77,53,2
77,54,7
77,55,9
77,56,7
77,58,9
77,59,6
77,60,8
77,61,3
77,62,4
77,64,1
77,66,2
77,67,7
77,68,5
77,69,3
77,70,3
77,71,2
77,72,5
77,73,8
77,74,9
77,75,8
77,76,5
77,77,7
77,78,1
77,79,9
77,80,3
77,81,1
77,82,4
77,83,8
77,84,8
77,85,1
77,86,7
77,87,8
77,88,6
77,89,6
77,90,9
77,91,3
77,92,6
77,93,1
77,95,7
77,96,9
77,97,2
77,98,2
77,99,8
78,0,8
78,1,7
78,2,1
78,3,8
78,4,5
78,5,9
78,6,5
78,7,4
78,8,7
78,9,8
78,10,7
78,11,4
78,12,9
78,13,3
78,14,1
78,15,6
78,16,2
78,17,6
78,18,6
78,19,9
78,20,3
78,21,8
78,22,5
78,24,8
78,25,5
78,26,5
78,27,7
78,28,1
78,29,7
78,30,2
78,31,6
78,32,1
78,33,6
78,34,9
78,35,4
78,36,9
78,37,1
78,38,9
78,39,1
78,40,8
78,41,6
78,42,7
78,43,9
78,44,5
78,45,7
78,46,3
78,47,3
78,48,2
78,49,6
78,50,8
78,51,4
78,52,4
78,53,4
78,54,1
78,55,3
78,56,8
78,57,9
78,58,7
78,59,4
78,60,5
78,61,3
78,62,6
78,63,1
78,64,7
78,65,3
78,66,8
78,68,4
78,69,7
78,70,3
78,71,2
78,73,9
78,74,2
78,75,5
78,76,3
78,77,1
78,78,1
78,79,3
78,80,6
78,81,5
78,82,2
78,83,1
78,84,5
78,85,3
78,87,9
78,88,8
78,89,9
78,92,9
78,93,7
78,94,5
78,95,7
78,96,9
78,97,9
78,99,8
79,0,2
79,1,9
79,2,2
79,3,7
79,4,4
79,5,8
79,6,6
79,7,5
79,9,9
79,10,1
79,11,4
79,12,9
79,13,2
79,14,9
79,15,2
79,16,2
79,17,3
79,18,9
79,19,2
79,20,2
79,21,4
79,22,4
79,23,9
79,25,7
79,27,4
79,28,4
79,29,4
79,32,9
79,33,4
79,34,1
79,35,1
79,36,1
79,37,8
79,38,5
79,39,6
79,40,9
79,42,1
79,43,1
79,44,8
79,45,3
79,46,6
79,47,5
79,48,1
79,49,7
79,50,3
79,51,9
79,52,9
79,53,6
79,54,1
79,55,7
79,56,2
79,57,4
79,59,2
79,60,8
79,61,8
79,62,7
79,63,1
79,64,3
79,65,4
79,66,4
79,67,8
79,68,1
79,69,5
79,71,2
79,72,3
79,73,9
79,74,3
79,75,3
79,76,3
79,77,9
79,78,3
79,79,5
79,80,2
79,81,1
79,82,4
79,83,9
79,84,9
79,85,3
79,86,4
79,87,2
79,88,2
79,89,6
79,90,7
79,91,3
79,92,5
79,93,3
79,94,5
79,95,4
79,96,9
79,97,2
79,98,8
79,99,9
80,1,4
80,2,8
80,3,2
80,4,6
80,5,9
80,6,4
80,7,8
80,8,6
80,9,6
80,10,4
80,11,3
80,12,8
80,13,3
80,14,6
80,15,3
80,16,9
80,17,6
80,18,4
80,19,2
80,20,1
80,21,5
80,22,3
80,23,1
80,25,3
80,27,8
80,28,2
80,29,7
80,30,5
80,31,4
80,32,6
80,33,6
80,34,3
80,35,8
80,36,3
80,37,5
80,38,3
80,39,5
80,40,4
80,41,4
80,42,5
80,43,7
80,44,1
80,45,9
80,46,7
80,47,2
80,48,9
80,49,5
80,50,1
80,51,9
80,53,5
80,54,7
80,55,9
80,56,9
80,57,7
80,58,7
80,59,4
80,60,3
80,61,8
80,62,5
80,63,6
80,64,4
80,65,7
80,66,9
80,67,3
80,69,2
80,70,2
80,71,6
80,72,1
80,73,7
80,74,5
80,75,7
80,76,7
80,77,9
80,78,8
80,79,8
80,80,9
80,81,4
80,82,5
80,83,6
80,84,6
80,85,2
80,86,9
80,87,5
80,88,5
80,89,7
80,90,2
80,91,4
80,92,4
80,93,9
80,94,9
80,95,6
80,96,9
80,97,4
80,98,5
80,99,1
81,0,3
81,1,8
81,2,5
81,3,3
81,4,5
81,5,9
81,6,1
81,7,7
81,9,4
81,11,1
81,12,4
81,13,8
81,15,3
81,17,4
81,18,2
81,19,6
81,20,2
81,21,1
81,22,1
81,23,3
81,24,5
81,25,4
81,26,4
81,27,1
81,28,7
81,29,3
81,30,9
81,32,9
81,34,6
81,35,1
81,37,3
81,38,5
81,39,4
81,40,8
81,41,1
81,42,1
81,43,4
81,44,9
81,46,4
81,47,9
81,48,5
81,50,3
81,51,7
81,53,1
81,55,7
81,56,8
81,58,8
81,59,3
81,60,2
81,61,5
81,62,7
81,63,9
81,64,6
81,65,7
81,66,9
81,67,8
81,68,7
81,69,7
81,70,4
81,71,2
81,72,8
81,73,5
81,75,9
81,76,5
81,77,4
81,78,1
81,79,7
81,80,7
81,81,5
81,82,1
81,84,4
81,85,3
81,86,4
81,87,3
81,88,7
81,89,9
81,90,3
81,92,2
81,95,9
81,96,2
81,97,4
81,98,5
81,99,4
82,1,1
82,3,4
82,4,3
82,6,9
82,7,4
82,8,2
82,9,6
82,10,3
82,11,6
82,13,7
82,14,3
82,15,2
82,17,5
82,18,1
82,19,2
82,21,2
82,22,7
82,23,7
82,24,9
82,25,4
82,26,9
82,27,4
82,28,9
82,29,9
82,30,7
82,32,8
82,33,5
82,34,6
82,35,9
82,36,9
82,39,2
82,40,3
82,41,5
82,42,7
82,43,2
82,45,5
82,46,4
82,47,4
82,49,1
82,50,8
82,51,9
82,52,8
82,53,7
82,56,7
82,57,5
82,58,3
82,59,5
82,60,1
82,62,4
82,63,5
82,64,7
82,65,1
82,66,3
82,67,9
82,68,9
82,69,7
82,70,7
82,71,4
82,72,3
82,73,3
82,75,1
82,76,1
82,77,4
82,78,6
82,79,7
82,80,4
82,81,6
82,82,3
82,83,6
82,84,6
82,85,8
82,86,3
82,87,7
82,88,5
82,89,2
82,90,4
82,92,2
82,93,7
82,94,4
82,95,6
82,96,7
82,97,2
82,99,9
83,1,3
83,2,1
83,3,4
83,4,2
83,6,1
83,7,9
83,8,8
83,9,6
83,10,3
83,11,3
83,12,1
83,13,6
83,14,2
83,15,9
83,16,2
83,17,7
83,18,6
83,19,2
83,20,7
83,22,7
83,23,6
83,24,2
83,25,5
83,26,5
83,28,4
83,29,3
83,30,7
83,31,4
83,32,1
83,33,3
83,34,6
83,36,7
83,37,5
83,38,8
83,39,7
83,40,1
83,41,9
83,42,7
83,43,3
83,44,6
83,45,5
83,46,2
83,47,8
83,49,8
83,50,8
83,51,5
83,52,7
83,54,1
83,55,8
83,56,8
83,57,3
83,58,5
83,59,4
83,60,2
83,61,4
83,62,7
83,63,8
83,64,2
83,65,3
83,67,7
83,68,7
83,69,6
83,71,1
83,73,3
83,74,9
83,75,9
83,76,1
83,77,4
83,78,5
83,79,9
83,80,9
83,81,7
83,82,8
83,83,2
83,84,2
83,85,5
83,86,3
83,87,9
83,88,4
83,89,9
83,90,9
83,91,8
83,92,7
83,93,3
83,94,3
83,95,4
83,96,6
83,97,9
83,98,2
83,99,6
84,0,8
84,1,6
84,5,7
84,6,6
84,7,5
84,8,6
84,9,4
84,10,7
84,11,3
84,12,7
84,13,9
84,14,5
84,15,4
84,16,2
84,17,1
84,18,4
84,19,1
84,20,3
84,21,5
84,22,6
84,23,4
84,24,5
84,26,7
84,27,5
84,28,3
84,29,3
84,30,3
84,31,6
84,32,1
84,33,3
84,34,1
84,35,5
84,36,6
84,37,7
84,38,5
84,40,6
84,41,4
84,42,5
84,43,7
84,44,7
84,45,5
84,46,1
84,47,9
84,48,4
84,49,2
84,50,7
84,51,2
84,53,1
84,54,6
84,55,3
84,56,4
84,57,7
84,58,6
84,59,6
84,60,2
84,61,5
84,62,3
84,63,2
84,64,5
84,65,7
84,67,1
84,69,4
84,70,5
84,71,6
84,72,2
84,73,4
84,74,9
84,75,1
84,76,1
84,77,8
84,78,9
84,79,2
84,80,8
84,81,3
84,82,5
84,83,8
84,84,6
84,85,7
84,86,5
84,87,3
84,88,9
84,89,6
84,90,9
84,91,5
84,92,6
84,93,6
84,94,3
84,95,3
84,96,9
84,97,7
84,98,3
84,99,1
85,0,3
85,1,8
85,2,7
85,3,7
85,4,3
85,6,3
85,7,7
85,8,2
85,9,5
85,10,9
85,11,5
85,12,1
85,13,8
85,14,4
85,15,2
85,16,3
85,17,8
85,18,3
85,19,5
85,20,5
85,21,3
85,22,5
85,23,8
85,26,4
85,27,7
85,28,6
85,29,3
85,30,5
85,31,7
85,32,2
85,33,6
85,34,9
85,35,1
85,36,2
85,37,9
85,38,2
85,39,3
85,40,2
85,41,6
85,42,2
85,43,9
85,44,8
85,45,5
85,46,2
85,47,7
85,48,3
85,49,8
85,50,6
85,51,4
85,52,2
85,54,7
85,55,7
85,56,7
85,57,7
85,58,7
85,59,9
85,60,9
85,61,5
85,62,9
85,63,6
85,64,2
85,65,7
85,66,3
85,67,5
85,69,7
85,70,7
85,71,4
85,72,1
85,73,1
85,74,2
85,75,7
85,77,6
85,78,4
85,79,8
85,80,7
85,81,9
85,82,5
85,83,9
85,84,1
85,85,7
85,86,6
85,87,9
85,89,9
85,90,3
85,91,9
85,92,3
85,93,8
85,95,2
85,96,5
85,97,7
85,98,8
85,99,4
86,0,5
86,1,3
86,2,1
86,3,8
86,4,8
86,5,2
86,6,6
86,7,1
86,8,5
86,10,4
86,11,8
86,12,9
86,14,2
86,15,1
86,16,8
86,17,3
86,18,2
86,19,2
86,20,1
86,21,2
86,22,7
86,23,1
86,24,3
86,25,9
86,26,6
86,27,1
86,28,5
86,29,4
86,30,8
86,31,3
86,32,9
86,33,3
86,34,5
86,35,1
86,36,9
86,38,8
86,40,2
86,41,7
86,42,1
86,43,7
86,44,8
86,45,1
86,46,9
86,47,3
86,49,5
86,50,6
86,52,1
86,53,5
86,54,7
86,55,5
86,56,6
86,57,7
86,58,8
86,59,3
86,60,4
86,61,9
86,62,5
86,63,1
86,64,9
86,65,6
86,66,2
86,67,5
86,70,4
86,71,3
86,72,6
86,74,8
86,75,4
86,76,1
86,77,5
86,78,5
86,79,1
86,80,6
86,81,1
86,82,6
86,83,1
86,84,7
86,86,4
86,88,6
86,89,3
86,90,8
86,92,8
86,93,8
86,94,4
86,95,4
86,96,2
86,98,2
86,99,3
87,0,6
87,1,2
87,2,4
87,3,8
87,5,5
87,6,7
87,8,6
87,9,1
87,10,5
87,11,9
87,12,2
87,13,2
87,14,2
87,15,3
87,16,8
87,17,2
87,18,6
87,19,1
87,21,5
87,22,7
87,23,3
87,24,6
87,25,4
87,26,5
87,27,7
87,28,2
87,29,3
87,30,8
87,31,8
87,32,3
87,33,6
87,34,8
87,35,9
87,36,1
87,37,2
87,38,5
87,39,8
87,40,2
87,41,4
87,42,2
87,43,3
87,44,5
87,45,9
87,46,8
87,47,2
87,48,5
87,49,3
87,50,1
87,51,7
87,52,6
87,53,5
87,54,4
87,55,6
87,56,4
87,57,3
87,58,4
87,60,1
87,61,7
87,62,1
87,63,8
87,64,2
87,65,1
87,66,4
87,67,9
87,68,1
87,69,6
87,70,6
87,72,3
87,73,8
87,75,4
87,77,8
87,78,3
87,79,4
87,80,7
87,81,4
87,82,8
87,83,2
87,85,6
87,86,4
87,87,5
87,88,3
87,89,7
87,90,6
87,91,3
87,92,5
87,93,1
87,94,1
87,95,7
87,96,3
87,97,3
87,98,7
87,99,3
88,0,3
88,3,4
88,4,5
88,5,7
88,6,2
88,7,9
88,8,6
88,9,7
88,10,5
88,11,3
88,12,9
88,13,7
88,14,8
88,15,9
88,16,4
88,17,8
88,18,2
88,19,1
88,20,9
88,22,7
88,23,4
88,24,1
88,26,8
88,28,6
88,29,8
88,31,9
88,33,7
88,34,9
88,35,3
88,36,9
88,37,7
88,38,5
88,39,6
88,40,8
88,41,2
88,42,6
88,43,5
88,44,5
88,45,5
88,46,5
88,47,1
88,48,4
88,49,2
88,50,3
88,51,5
88,52,8
88,53,8
88,54,5
88,55,7
88,59,2
88,60,7
88,61,7
88,62,7
88,63,6
88,64,5
88,65,6
88,66,4
88,67,7
88,68,9
88,69,4
88,70,7
88,71,5
88,72,9
88,73,7
88,75,7
88,76,4
88,77,4
88,78,3
88,79,9
88,80,4
88,82,8
88,83,3
88,84,1
88,85,8
88,86,4
88,87,9
88,89,2
88,90,6
88,91,1
88,92,8
88,93,8
88,94,4
88,95,7
88,96,1
88,98,3
89,0,8
89,1,2
89,2,6
89,3,7
89,4,2
89,5,9
89,6,5
89,7,6
89,10,7
89,12,9
89,13,3
89,14,8
89,15,8
89,16,1
89,17,5
89,18,7
89,19,4
89,20,8
89,21,7
89,22,8
89,23,6
89,24,6
89,25,3
89,26,5
89,27,2
89,28,9
89,30,6
89,31,9
89,32,7
89,34,9
89,35,4
89,36,6
89,37,7
89,38,7
89,39,7
89,40,9
89,41,1
89,42,4
89,46,2
89,47,9
89,48,6
89,49,9
89,53,4
89,54,4
89,55,7
89,56,7
89,58,9
89,59,5
89,60,2
89,61,3
89,63,9
89,64,3
89,65,6
89,66,9
89,67,1
89,68,2
89,69,3
89,70,2
89,71,2
89,72,8
89,73,6
89,74,8
89,75,3
89,76,9
89,77,5
89,78,7
89,79,1
89,80,2
89,81,3
89,82,6
89,83,1
89,84,4
89,85,4
89,86,7
89,87,9
89,88,1
89,89,1
89,90,4
89,91,5
89,92,1
89,93,9
89,94,7
89,96,4
89,97,6
89,98,2
89,99,3
90,0,1
90,1,2
90,2,9
90,3,8
90,4,6
90,5,6
90,6,3
90,7,7
90,10,3
90,12,2
90,13,4
90,14,1
90,15,2
90,16,6
90,17,6
90,18,6
90,19,4
90,20,5
90,21,8
90,22,6
90,23,8
90,24,7
90,25,8
90,26,1
90,27,4
90,28,9
90,29,7
90,30,9
90,31,9
90,32,9
90,33,1
90,35,4
90,36,1
90,37,5
90,38,6
90,39,4
90,40,5
90,41,2
90,42,6
90,43,1
90,44,2
90,46,8
90,47,2
90,48,5
90,49,4
90,50,7
90,51,9
90,52,4
90,53,2
90,54,5
90,55,4
90,56,1
90,57,8
90,58,5
90,59,8
90,60,3
90,61,5
90,62,7
90,63,9
90,65,5
90,66,5
90,67,1
90,68,3
90,70,4
90,71,1
90,72,2
90,73,4
90,74,3
90,75,3
90,76,9
90,77,1
90,78,7
90,79,4
90,80,8
90,82,9
90,83,4
90,84,3
90,85,2
90,86,7
90,87,1
90,88,3
90,89,6
90,90,5
90,91,4
90,92,6
90,93,1
90,95,9
90,96,1
90,97,9
90,98,6
90,99,8
91,0,2
91,2,3
91,3,8
91,5,8
91,6,7
91,7,8
91,8,6
91,9,4
91,10,8
91,11,9
91,13,5
91,15,8
91,16,9
91,17,6
91,18,2
91,20,1
91,21,5
91,22,1
91,23,7
91,24,7
91,25,6
91,27,9
91,28,2
91,30,3
91,31,9
91,32,5
91,33,1
91,34,6
91,35,4
91,36,8
91,37,1
91,38,8
91,41,7
91,42,6
91,43,2
91,44,1
91,45,8
91,46,8
91,47,3
91,48,5
91,49,6
91,50,3
91,51,5
91,52,6
91,53,8
91,54,9
91,55,8
91,56,7
91,57,6
91,58,7
91,59,5
91,60,6
91,61,2
91,62,5
91,63,8
91,64,3
91,66,3
91,67,6
91,68,8
91,69,9
91,70,9
91,71,1
91,72,5
91,73,6
91,74,9
91,75,9
91,76,4
91,77,3
91,78,1
91,79,7
91,80,4
91,81,3
91,82,5
91,83,3
91,85,8
91,86,6
91,87,6
91,89,1
91,90,2
91,91,4
91,92,7
91,93,3
91,94,3
91,95,2
91,96,2
91,97,2
91,98,2
91,99,7
92,0,1
92,1,4
92,2,4
92,3,7
92,4,4
92,5,2
92,7,8
92,8,5
92,9,4
92,10,2
92,11,8
92,12,4
92,13,1
92,14,6
92,15,4
92,17,1
92,18,2
92,19,8
92,20,9
92,21,3
92,22,2
92,23,3
92,24,4
92,25,2
92,27,3
92,28,3
92,29,6
92,30,2
92,31,8
92,32,9
92,33,4
92,34,7
92,35,4
92,36,7
92,37,3
92,38,8
92,39,5
92,41,7
92,42,2
92,43,2
92,44,1
92,45,5
92,46,8
92,47,8
92,48,4
92,49,4
92,50,1
92,51,8
92,53,3
92,55,2
92,56,9
92,57,3
92,58,6
92,59,7
92,60,1
92,61,9
92,62,5
92,63,6
92,64,1
92,65,3
92,67,2
92,68,3
92,69,2
92,70,9
92,72,1
92,73,7
92,74,1
92,75,4
92,76,8
92,77,3
92,78,7
92,79,4
92,80,7
92,81,3
92,82,2
92,83,4
92,84,1
92,85,2
92,86,3
92,87,3
92,89,7
92,90,5
92,91,3
92,92,1
92,93,8
92,94,1
92,95,1
92,96,5
92,97,1
92,98,8
92,99,2
93,0,4
93,1,5
93,2,9
93,4,1
93,5,8
93,6,3
93,7,6
93,9,2
93,10,3
93,11,9
93,12,2
93,13,7
93,14,1
93,15,8
93,16,1
93,17,9
93,18,3
93,19,8
93,20,4
93,21,8
93,22,5
93,24,7
93,25,7
93,26,3
93,27,9
93,28,8
93,29,8
93,31,9
93,32,4
93,33,8
93,34,2
93,35,4
93,37,8
93,39,9
93,41,1
93,42,2
93,43,6
93,44,8
93,45,9
93,46,1
93,47,5
93,48,3
93,49,5
93,50,2
93,51,2
93,52,4
93,53,7
93,55,1
93,56,1
93,57,7
93,58,1
93,59,6
93,60,1
93,61,1
93,62,1
93,63,9
93,64,1
93,65,2
93,66,2
93,67,5
93,68,8
93,69,8
93,70,3
93,71,5
93,72,5
93,73,2
93,74,2
93,75,4
93,77,9
93,78,6
93,79,4
93,80,8
93,81,1
93,82,8
93,83,6
93,84,1
93,85,7
93,86,5
93,87,9
93,88,9
93,89,5
93,90,1
93,91,8
93,92,4
93,93,2
93,94,6
93,96,6
93,97,8
93,98,5
93,99,7
94,0,5
94,1,3
94,2,6
94,3,6
94,4,6
94,5,3
94,6,7
94,7,8
94,9,4
94,10,2
94,12,1
94,13,8
94,14,5
94,15,7
94,17,1
94,18,7
94,19,6
94,20,4
94,21,8
94,22,8
94,23,6
94,24,6
94,25,3
94,26,7
94,28,7
94,29,4
94,30,8
94,32,4
94,33,6
94,34,3
94,35,9
94,37,4
94,38,9
94,39,4
94,40,2
94,41,3
94,43,5
94,44,6
94,45,7
94,46,8
94,47,6
94,48,4
94,49,9
94,50,9
94,51,4
94,52,7
94,53,9
94,54,7
94,55,5
94,56,5
94,57,7
94,58,2
94,59,6
94,60,5
94,61,5
94,62,6
94,63,1
94,64,1
94,65,5
94,66,9
94,67,7
94,68,6
94,69,7
94,70,6
94,72,5
94,73,2
94,74,3
94,75,3
94,76,9
94,77,7
94,78,2
94,79,6
94,80,6
94,81,4
94,82,9
94,83,5
94,84,8
94,85,1
94,86,9
94,87,8
94,88,9
94,89,8
94,90,3
94,91,4
94,92,2
94,93,5
94,94,4
94,95,4
94,96,3
94,97,7
94,98,6
94,99,3
95,2,8
95,3,1
95,4,7
95,5,3
95,6,4
95,7,5
95,8,4
95,9,9
95,10,3
95,12,6
95,13,3
95,14,5
95,15,2
95,16,3
95,17,2
95,20,2
95,21,9
95,22,7
95,23,6
95,24,4
95,25,8
95,26,2
95,27,3
95,28,8
95,30,5
95,31,9
95,32,4
95,33,6
95,34,3
95,35,5
95,36,2
95,37,9
95,39,5
95,40,6
95,41,8
95,42,4
95,43,5
95,45,9
95,46,6
95,47,1
95,48,9
95,49,3
95,51,6
95,54,2
95,55,3
95,56,7
95,57,7
95,59,9
95,60,5
95,61,5
95,62,3
95,63,1
95,65,5
95,67,1
95,69,4
95,70,5
95,71,7
95,73,1
95,74,6
95,75,9
95,76,2
95,77,3
95,78,8
95,79,8
95,80,2
95,81,4
95,82,5
95,83,8
95,84,3
95,85,4
95,86,9
95,87,9
95,88,8
95,89,9
95,90,8
95,91,1
95,94,2
95,95,6
95,96,5
95,97,9
95,98,8
95,99,2
96,0,9
96,1,1
96,2,1
96,3,2
96,4,2
96,5,2
96,6,1
96,7,6
96,8,7
96,9,6
96,10,7
96,11,9
96,12,8
96,13,3
96,14,2
96,15,5
96,16,1
96,17,8
96,19,6
96,20,5
96,21,9
96,22,5
96,23,5
96,24,1
96,25,7
96,27,8
96,28,3
96,29,7
96,30,9
96,31,8
96,32,9
96,33,5
96,34,6
96,35,5
96,37,5
96,39,7
96,40,4
96,41,7
96,43,2
96,45,7
96,47,6
96,48,7
96,49,5
96,50,5
96,51,2
96,52,9
96,53,8
96,54,6
96,55,8
96,56,1
96,57,3
96,58,7
96,59,6
96,60,1
96,61,5
96,62,4
96,63,6
96,64,8
96,65,4
96,66,6
96,67,3
96,68,9
96,70,8
96,71,5
96,72,3
96,73,2
96,74,3
96,75,8
96,76,3
96,77,5
96,78,4
96,79,3
96,80,5
96,81,8
96,82,1
96,83,6
96,84,9
96,85,8
96,86,3
96,87,4
96,88,4
96,89,7
96,90,9
96,91,2
96,92,9
96,93,2
96,94,4
96,95,8
96,97,7
96,98,1
96,99,9
97,0,9
97,1,6
97,2,7
97,3,6
97,4,4
97,5,4
97,6,6
97,7,2
97,8,2
97,9,1
97,10,9
97,11,2
97,12,4
97,13,2
97,14,7
97,15,7
97,16,3
97,17,7
97,18,4
97,19,8
97,20,2
97,21,9
97,22,5
97,23,6
97,24,1
97,25,1
97,26,9
97,27,5
97,28,5
97,29,9
97,30,5
97,31,8
97,32,9
97,33,9
97,35,9
97,36,7
97,37,4
97,38,2
97,39,4
97,41,4
97,42,3
97,43,9
97,44,7
97,45,5
97,46,3
97,47,3
97,48,7
97,49,3
97,50,6
97,51,7
97,53,9
97,54,9
97,55,5
97,56,5
97,57,9
97,59,8
97,60,5
97,61,5
97,62,7
97,63,3
97,64,9
97,65,1
97,66,4
97,67,8
97,68,3
97,69,3
97,70,3
97,71,8
97,72,8
97,73,7
97,74,3
97,75,6
97,76,4
97,77,6
97,78,4
97,79,4
97,80,9
97,82,3
97,83,9
97,84,2
97,85,7
97,86,8
97,87,6
97,88,2
97,89,4
97,90,8
97,93,4
97,94,3
97,95,6
97,96,6
97,97,1
97,98,5
97,99,1
98,1,2
98,2,2
98,3,8
98,4,8
98,5,7
98,6,5
98,7,5
98,8,1
98,9,8
98,10,8
98,11,6
98,12,8
98,13,1
98,15,9
98,17,6
98,18,6
98,19,3
98,20,2
98,22,2
98,23,4
98,24,6
98,25,2
98,26,3
98,27,5
98,28,1
98,29,4
98,30,1
98,32,9
98,34,3
98,35,9
98,36,1
98,38,2
98,39,1
98,40,8
98,42,9
98,43,5
98,44,2
98,46,4
98,47,1
98,48,4
98,49,4
98,50,9
98,51,8
98,52,6
98,53,1
98,54,4
98,55,9
98,56,5
98,57,2
98,58,8
98,59,1
98,60,2
98,61,1
98,62,3
98,63,5
98,64,9
98,65,4
98,66,2
98,67,3
98,68,5
98,70,7
98,71,2
98,72,6
98,73,9
98,74,5
98,75,6
98,76,8
98,77,4
98,78,4
98,79,6
98,80,7
98,81,3
98,82,6
98,83,7
98,84,9
98,85,7
98,86,9
98,87,8
98,88,5
98,89,6
98,91,7
98,92,1
98,93,8
98,94,6
98,95,1
98,96,6
98,97,1
98,98,1
98,99,1
99,0,4
99,1,4
99,2,3
99,3,3
99,4,5
99,5,5
99,7,1
99,8,1
99,9,3
99,10,7
99,11,2
99,12,9
99,13,6
99,14,4
99,15,6
99,16,8
99,17,6
99,18,3
99,19,6
99,20,1
99,21,1
99,23,7
99,24,4
99,25,8
99,26,6
99,28,8
99,29,1
99,30,9
99,31,6
99,32,7
99,33,3
99,34,8
99,35,3
99,38,2
99,39,1
99,40,7
99,42,6
99,43,8
99,44,4
99,45,9
99,46,2
99,47,9
99,48,8
99,49,5
99,50,8
99,51,9
99,52,6
99,53,9
99,54,1
99,55,7
99,56,2
99,57,5
99,58,2
99,60,4
99,63,2
99,64,9
99,65,8
99,66,8
99,67,3
99,68,4
99,69,4
99,70,9
99,71,8
99,72,7
99,73,4
99,74,8
99,75,1
99,76,9
99,77,9
99,78,2
99,79,4
99,80,2
99,81,5
99,82,1
99,83,9
99,84,5
99,85,9
99,86,6
99,87,8
99,88,2
99,89,5
99,90,8
99,91,3
99,92,4
99,93,7
99,94,1
99,95,6
99,96,7
99,97,8
99,98,3
99,99,8
