1,2,3,4,5,6,7,14
1,2,8,12,14,15,19,20
1,2,3,4,5,6,9,12,14,15,16,18
1,2,3,4,5,6,8,14,15,16,18
1,2,3,4,5,6,14
1,2,3,4,6,13,14,15
1,3,5,6,7,11,12,14,15,16,18
1,2,4,5,8,14,15
1,2,3,4,5,6,15,16
1,2,3,7,14,15
1,3,4,5,6,8,9,12,14,15
1,2,3,4,14,15,17,18
1,2,4,5,14,15,16,18,19
1,2,3,4,6,13,14,15,16,20
1,2,4,5,6,9,14,15
1,2,4,5,7,8,14,16
1,2,3,4,5,6,8,10,14,15,16,18
1,2,3,4,5,6,14
1,2,4,5,6,14,17,18
1,2,3,4,5,6,7,11,12,14
1,2,3,4,5,6,7,8,10,13,15
1,2,3,5,8,11,13,14,15,18
1,2,3,4,6,14
1,2,3,4,8,14
1,2,3,5,7,9,14,15,16
1,2,3,4,5,6,8,10,14,16,17,19
1,2,4,5,6,7,14,15
1,2,3,5,6,14,15
1,4,5,14,18
1,2,3,4,5,7,14,16,19
1,2,3,5,6,14,15
1,2,3,4,5,7,8,14,15,17
1,2,5,6,7,14,15,18
1,2,3,4,5,6,8,11,17,18
1,2,3,4,5,6,14,15,16,17
1,3,4,5,7,8,14,15
1,2,3,4,7,8,13,14,16
1,2,3,4,5,14
1,2,3,4,5,6,9,14,16
